# SignalP-5.0	Organism: Gram-negative	Timestamp: 20230503163127
# ID	Prediction	SP(Sec/SPI)	TAT(Tat/SPI)	LIPO(Sec/SPII)	OTHER	CS Position
megahit_93_72-2462	SP(Sec/SPI)	0.964025	0.000524	0.005879	0.029572	CS pos: 28-29. TYA-QN. Pr: 0.9535
megahit_104_1-750	OTHER	0.054733	0.011025	0.009762	0.924480	
megahit_111_3-287	OTHER	0.045792	0.027838	0.008626	0.917744	
megahit_171_3-1739	OTHER	0.036255	0.001666	0.005737	0.956342	
megahit_171_1849-2910	OTHER	0.006000	0.013586	0.001397	0.979017	
megahit_172_161-1072	OTHER	0.002987	0.000621	0.000394	0.995998	
megahit_173_9-1793	OTHER	0.036255	0.001666	0.005737	0.956342	
megahit_173_1903-2964	OTHER	0.006000	0.013586	0.001397	0.979017	
megahit_174_161-1072	OTHER	0.002987	0.000621	0.000394	0.995998	
megahit_174_1153-3087	OTHER	0.011353	0.012522	0.001681	0.974444	
megahit_174_3512-5863	OTHER	0.036255	0.001666	0.005737	0.956342	
megahit_174_5973-7034	OTHER	0.006000	0.013586	0.001397	0.979017	
megahit_175_161-1072	OTHER	0.002987	0.000621	0.000394	0.995998	
megahit_175_1153-3087	OTHER	0.011353	0.012522	0.001681	0.974444	
megahit_176_161-1072	OTHER	0.002987	0.000621	0.000394	0.995998	
megahit_193_238-594	OTHER	0.076941	0.031362	0.034577	0.857120	
megahit_193_826-1224	OTHER	0.003521	0.000261	0.003665	0.992553	
megahit_223_19-513	OTHER	0.006999	0.004511	0.001738	0.986753	
megahit_234_3-239	OTHER	0.005515	0.006378	0.001002	0.987104	
megahit_260_1292-3109	LIPO(Sec/SPII)	0.000767	0.000164	0.998585	0.000484	CS pos: 20-21. ISG-CG. Pr: 0.9995
megahit_320_1-504	SP(Sec/SPI)	0.712297	0.013141	0.241496	0.033067	CS pos: 22-23. AGA-VT. Pr: 0.4934
megahit_343_41-775	OTHER	0.020474	0.035884	0.007911	0.935731	
megahit_452_38-1027	OTHER	0.003273	0.000569	0.000355	0.995803	
megahit_453_38-1027	OTHER	0.003273	0.000569	0.000355	0.995803	
megahit_455_1037-3472	OTHER	0.004077	0.002437	0.000902	0.992585	
megahit_462_140-766	OTHER	0.001892	0.000395	0.000247	0.997466	
megahit_462_988-3519	LIPO(Sec/SPII)	0.277795	0.008229	0.411634	0.302342	CS pos: 26-27. LTS-TG. Pr: 0.2032
megahit_462_3642-5111	TAT(Tat/SPI)	0.001566	0.996987	0.000262	0.001184	CS pos: 46-47. AFG-AP. Pr: 0.6257
megahit_462_5208-6263	SP(Sec/SPI)	0.996744	0.000418	0.002073	0.000766	CS pos: 18-19. AMA-HD. Pr: 0.9763
megahit_463_839-1465	OTHER	0.002113	0.000473	0.000289	0.997125	
megahit_463_1687-4218	LIPO(Sec/SPII)	0.277795	0.008229	0.411634	0.302342	CS pos: 26-27. LTS-TG. Pr: 0.2032
megahit_463_4341-5810	TAT(Tat/SPI)	0.001566	0.996987	0.000262	0.001184	CS pos: 46-47. AFG-AP. Pr: 0.6257
megahit_464_140-766	OTHER	0.001892	0.000395	0.000247	0.997466	
megahit_464_988-3519	LIPO(Sec/SPII)	0.277795	0.008229	0.411634	0.302342	CS pos: 26-27. LTS-TG. Pr: 0.2032
megahit_464_3642-5111	TAT(Tat/SPI)	0.001566	0.996987	0.000262	0.001184	CS pos: 46-47. AFG-AP. Pr: 0.6257
megahit_465_839-1465	OTHER	0.002113	0.000473	0.000289	0.997125	
megahit_465_1687-4203	LIPO(Sec/SPII)	0.277795	0.008229	0.411634	0.302342	CS pos: 26-27. LTS-TG. Pr: 0.2032
megahit_465_4326-5795	TAT(Tat/SPI)	0.001566	0.996987	0.000262	0.001184	CS pos: 46-47. AFG-AP. Pr: 0.6257
megahit_466_839-1465	OTHER	0.002113	0.000473	0.000289	0.997125	
megahit_466_1687-4203	LIPO(Sec/SPII)	0.277795	0.008229	0.411634	0.302342	CS pos: 26-27. LTS-TG. Pr: 0.2032
megahit_466_4326-5795	TAT(Tat/SPI)	0.001566	0.996987	0.000262	0.001184	CS pos: 46-47. AFG-AP. Pr: 0.6257
megahit_466_5892-6947	SP(Sec/SPI)	0.996744	0.000418	0.002073	0.000766	CS pos: 18-19. AMA-HD. Pr: 0.9763
megahit_467_43-1512	TAT(Tat/SPI)	0.003491	0.994846	0.000341	0.001322	CS pos: 46-47. AFG-AP. Pr: 0.5868
megahit_467_1609-2664	SP(Sec/SPI)	0.996744	0.000418	0.002073	0.000766	CS pos: 18-19. AMA-HD. Pr: 0.9763
megahit_468_140-766	OTHER	0.001892	0.000395	0.000247	0.997466	
megahit_468_988-3504	LIPO(Sec/SPII)	0.277795	0.008229	0.411634	0.302342	CS pos: 26-27. LTS-TG. Pr: 0.2032
megahit_468_3627-5096	TAT(Tat/SPI)	0.001566	0.996987	0.000262	0.001184	CS pos: 46-47. AFG-AP. Pr: 0.6257
megahit_468_5193-6248	SP(Sec/SPI)	0.996744	0.000418	0.002073	0.000766	CS pos: 18-19. AMA-HD. Pr: 0.9763
megahit_469_140-766	OTHER	0.001892	0.000395	0.000247	0.997466	
megahit_469_988-3504	LIPO(Sec/SPII)	0.277795	0.008229	0.411634	0.302342	CS pos: 26-27. LTS-TG. Pr: 0.2032
megahit_469_3627-5096	TAT(Tat/SPI)	0.001566	0.996987	0.000262	0.001184	CS pos: 46-47. AFG-AP. Pr: 0.6257
megahit_470_43-1320	TAT(Tat/SPI)	0.003491	0.994846	0.000341	0.001322	CS pos: 46-47. AFG-AP. Pr: 0.5868
megahit_471_839-1465	OTHER	0.002113	0.000473	0.000289	0.997125	
megahit_471_1687-4218	LIPO(Sec/SPII)	0.277795	0.008229	0.411634	0.302342	CS pos: 26-27. LTS-TG. Pr: 0.2032
megahit_471_4341-5810	TAT(Tat/SPI)	0.001566	0.996987	0.000262	0.001184	CS pos: 46-47. AFG-AP. Pr: 0.6257
megahit_471_5907-6962	SP(Sec/SPI)	0.996744	0.000418	0.002073	0.000766	CS pos: 18-19. AMA-HD. Pr: 0.9763
megahit_481_1-279	OTHER	0.015567	0.001516	0.001466	0.981451	
megahit_555_1404-3791	OTHER	0.002070	0.000194	0.000262	0.997475	
megahit_558_1-1317	OTHER	0.016853	0.004849	0.002402	0.975895	
megahit_559_1-1317	OTHER	0.016853	0.004849	0.002402	0.975895	
megahit_615_382-648	OTHER	0.006690	0.000835	0.000791	0.991684	
megahit_615_659-1789	OTHER	0.004224	0.000380	0.000717	0.994678	
megahit_615_1878-4142	OTHER	0.001733	0.002202	0.000254	0.995811	
megahit_616_382-648	OTHER	0.006690	0.000835	0.000791	0.991684	
megahit_616_659-1789	OTHER	0.004224	0.000380	0.000717	0.994678	
megahit_616_1878-4142	OTHER	0.001733	0.002202	0.000254	0.995811	
megahit_645_1-1692	OTHER	0.002017	0.000288	0.000508	0.997188	
megahit_672_221-601	OTHER	0.020930	0.004526	0.005349	0.969194	
megahit_673_319-699	OTHER	0.020930	0.004526	0.005349	0.969194	
megahit_674_319-699	OTHER	0.020930	0.004526	0.005349	0.969194	
megahit_770_114-1850	LIPO(Sec/SPII)	0.011445	0.000096	0.987925	0.000533	CS pos: 19-20. GTA-CE. Pr: 0.9887
megahit_771_114-1304	OTHER	0.018758	0.004052	0.004298	0.972892	
megahit_772_114-1850	LIPO(Sec/SPII)	0.010706	0.000092	0.988715	0.000486	CS pos: 19-20. GTA-CE. Pr: 0.9894
megahit_773_114-1850	LIPO(Sec/SPII)	0.010706	0.000092	0.988715	0.000486	CS pos: 19-20. GTA-CE. Pr: 0.9894
megahit_793_3-848	OTHER	0.004090	0.000877	0.000449	0.994584	
megahit_857_9-1391	LIPO(Sec/SPII)	0.000869	0.000089	0.998630	0.000411	CS pos: 16-17. MAG-CS. Pr: 0.9996
megahit_857_1404-2279	OTHER	0.169912	0.002565	0.007028	0.820495	
megahit_857_3073-4149	OTHER	0.001835	0.000293	0.000941	0.996931	
megahit_857_4162-4398	OTHER	0.002996	0.001596	0.000575	0.994833	
megahit_858_468-1850	LIPO(Sec/SPII)	0.000890	0.000092	0.998602	0.000416	CS pos: 16-17. MAG-CS. Pr: 0.9996
megahit_859_468-1850	LIPO(Sec/SPII)	0.000869	0.000089	0.998630	0.000411	CS pos: 16-17. MAG-CS. Pr: 0.9996
megahit_859_1863-2738	OTHER	0.169912	0.002565	0.007028	0.820495	
megahit_859_3041-3508	OTHER	0.016735	0.002184	0.002876	0.978205	
megahit_869_3-287	OTHER	0.004654	0.001733	0.000498	0.993115	
megahit_1193_1-207	OTHER	0.004964	0.011227	0.001199	0.982610	
megahit_1193_458-763	OTHER	0.005230	0.001512	0.001146	0.992112	
megahit_1246_2-748	OTHER	0.009364	0.000323	0.002085	0.988227	
megahit_1271_300-971	SP(Sec/SPI)	0.958574	0.000886	0.034834	0.005705	CS pos: 20-21. AVA-QP. Pr: 0.8772
megahit_1277_512-1135	OTHER	0.002243	0.000441	0.000276	0.997039	
megahit_1390_2-1243	OTHER	0.003132	0.000169	0.000824	0.995875	
megahit_1390_1265-4324	OTHER	0.037284	0.284440	0.002102	0.676173	
megahit_1391_2-1243	OTHER	0.003132	0.000169	0.000824	0.995875	
megahit_1422_127-1473	LIPO(Sec/SPII)	0.000659	0.000127	0.998459	0.000755	CS pos: 23-24. LIS-CN. Pr: 0.9995
megahit_1423_127-1473	LIPO(Sec/SPII)	0.000659	0.000127	0.998459	0.000755	CS pos: 23-24. LIS-CN. Pr: 0.9995
megahit_1494_2-1321	OTHER	0.009356	0.002407	0.002306	0.985931	
megahit_1500_60-626	OTHER	0.015316	0.004332	0.002674	0.977678	
megahit_1539_3-389	OTHER	0.004039	0.005259	0.000994	0.989708	
megahit_1590_124-333	OTHER	0.005919	0.004715	0.000754	0.988611	
megahit_1687_1970-2383	OTHER	0.009893	0.170374	0.004085	0.815647	
megahit_1692_731-994	OTHER	0.004890	0.002338	0.001877	0.990894	
megahit_1692_997-1188	OTHER	0.003908	0.018983	0.000588	0.976521	
megahit_1692_1188-1601	OTHER	0.009893	0.170374	0.004085	0.815647	
megahit_1694_632-895	OTHER	0.004668	0.002210	0.001769	0.991353	
megahit_1694_898-1089	OTHER	0.003908	0.018983	0.000588	0.976521	
megahit_1789_678-1271	OTHER	0.022500	0.002534	0.007634	0.967333	
megahit_1789_1314-2210	OTHER	0.007522	0.006893	0.001334	0.984252	
megahit_1791_678-1271	OTHER	0.022500	0.002534	0.007634	0.967333	
megahit_1818_16326-18149	TAT(Tat/SPI)	0.079882	0.482037	0.001259	0.436822	CS pos: 64-65. AVA-GD. Pr: 0.2001
megahit_1826_1-303	OTHER	0.086041	0.396067	0.000980	0.516912	
megahit_1828_1-816	OTHER	0.004940	0.002753	0.000978	0.991329	
megahit_1876_94-627	SP(Sec/SPI)	0.583551	0.021976	0.081303	0.313170	CS pos: 34-35. LAA-QT. Pr: 0.3987
megahit_1878_94-624	SP(Sec/SPI)	0.539672	0.013913	0.082387	0.364029	CS pos: 34-35. LAA-QT. Pr: 0.3621
megahit_1879_94-627	SP(Sec/SPI)	0.583551	0.021976	0.081303	0.313170	CS pos: 34-35. LAA-QT. Pr: 0.3987
megahit_1880_94-627	SP(Sec/SPI)	0.583551	0.021976	0.081303	0.313170	CS pos: 34-35. LAA-QT. Pr: 0.3987
megahit_1884_26-760	OTHER	0.005748	0.000366	0.002425	0.991461	
megahit_1934_3-158	OTHER	0.040122	0.023133	0.035089	0.901656	
megahit_2072_8308-8664	LIPO(Sec/SPII)	0.002193	0.000124	0.997093	0.000589	CS pos: 18-19. STA-CS. Pr: 0.9983
megahit_2085_552-848	OTHER	0.021935	0.003043	0.003285	0.971738	
megahit_2087_552-848	OTHER	0.021935	0.003043	0.003285	0.971738	
megahit_2087_845-1450	OTHER	0.019372	0.023983	0.002027	0.954617	
megahit_2088_552-848	OTHER	0.021935	0.003043	0.003285	0.971738	
megahit_2088_845-1399	OTHER	0.039676	0.189376	0.019315	0.751633	
megahit_2097_2-751	OTHER	0.016929	0.029052	0.007554	0.946465	
megahit_2130_1-834	OTHER	0.003269	0.000576	0.000554	0.995601	
megahit_2131_158-799	OTHER	0.012780	0.018783	0.001417	0.967021	
megahit_2160_1-879	OTHER	0.033448	0.007919	0.003885	0.954749	
megahit_2161_893-1795	OTHER	0.001475	0.001436	0.000206	0.996884	
megahit_2165_3-1574	OTHER	0.013215	0.000685	0.002982	0.983118	
megahit_2189_2-991	OTHER	0.007458	0.004039	0.002835	0.985668	
megahit_2193_1-1248	OTHER	0.016816	0.001407	0.006480	0.975297	
megahit_2228_48-626	LIPO(Sec/SPII)	0.010772	0.006808	0.931232	0.051189	CS pos: 42-43. LSG-CF. Pr: 0.9367
megahit_2231_2-625	OTHER	0.034454	0.006581	0.006443	0.952522	
megahit_2259_3-410	OTHER	0.049115	0.002717	0.012079	0.936089	
megahit_2340_1-297	OTHER	0.002451	0.000518	0.000826	0.996205	
megahit_2348_1-471	OTHER	0.108670	0.024865	0.008132	0.858333	
megahit_2412_3-716	SP(Sec/SPI)	0.993302	0.002212	0.003571	0.000914	CS pos: 26-27. ASA-DD. Pr: 0.9351
megahit_2412_815-1546	OTHER	0.347000	0.116395	0.006732	0.529872	
megahit_2448_48-422	OTHER	0.013813	0.002884	0.002888	0.980415	
megahit_2460_2-154	OTHER	0.017853	0.004621	0.003788	0.973737	
megahit_2460_160-276	OTHER	0.055766	0.042148	0.014373	0.887712	
megahit_2479_1-486	OTHER	0.050887	0.001617	0.002428	0.945069	
megahit_2507_3-380	OTHER	0.005288	0.002551	0.001028	0.991133	
megahit_2520_3-482	OTHER	0.011932	0.052430	0.001958	0.933681	
megahit_2520_587-886	OTHER	0.021564	0.017632	0.006436	0.954368	
megahit_2542_203-1141	OTHER	0.007933	0.001337	0.000971	0.989759	
megahit_2547_34-318	OTHER	0.014978	0.027615	0.001879	0.955527	
megahit_2562_3-572	OTHER	0.007338	0.195066	0.000654	0.796942	
megahit_2595_687-1709	SP(Sec/SPI)	0.620801	0.024375	0.041930	0.312894	CS pos: 41-42. AVA-QD. Pr: 0.3793
megahit_2596_768-1559	SP(Sec/SPI)	0.993118	0.000768	0.004727	0.001388	CS pos: 20-21. AQA-ED. Pr: 0.7910
megahit_2618_2-343	OTHER	0.004727	0.003814	0.001601	0.989858	
megahit_2619_1-390	OTHER	0.004727	0.003814	0.001601	0.989858	
megahit_2621_2-346	OTHER	0.004727	0.003814	0.001601	0.989858	
megahit_2623_2-346	OTHER	0.004727	0.003814	0.001601	0.989858	
megahit_2653_75-293	OTHER	0.003867	0.000797	0.000533	0.994803	
megahit_2670_70-324	OTHER	0.002738	0.000626	0.000278	0.996358	
megahit_2673_1-2457	SP(Sec/SPI)	0.853595	0.068412	0.061515	0.016478	CS pos: 30-31. VRA-AT. Pr: 0.3833
megahit_2674_1-2343	SP(Sec/SPI)	0.853595	0.068412	0.061515	0.016478	CS pos: 30-31. VRA-AT. Pr: 0.3833
megahit_2687_2-619	OTHER	0.025349	0.005510	0.004001	0.965140	
megahit_2697_2-487	OTHER	0.013257	0.002781	0.018003	0.965959	
megahit_2697_484-870	SP(Sec/SPI)	0.995725	0.000278	0.002476	0.001521	CS pos: 17-18. VIA-QD. Pr: 0.9849
megahit_2698_2-1654	OTHER	0.018431	0.004486	0.001998	0.975085	
megahit_2699_51-1775	OTHER	0.032771	0.003264	0.001632	0.962332	
megahit_2700_2-1774	OTHER	0.018431	0.004486	0.001998	0.975085	
megahit_2811_446-1471	OTHER	0.013430	0.001375	0.011483	0.973712	
megahit_2811_1464-2042	OTHER	0.017750	0.002563	0.002830	0.976857	
megahit_2823_2-754	OTHER	0.006094	0.088966	0.000815	0.904125	
megahit_2829_3-482	OTHER	0.007193	0.009693	0.001401	0.981713	
megahit_2830_107-265	OTHER	0.041142	0.012204	0.017432	0.929223	
megahit_2884_3-230	OTHER	0.065493	0.003944	0.009104	0.921459	
megahit_2884_295-723	OTHER	0.009502	0.033494	0.002780	0.954224	
megahit_2885_3-230	OTHER	0.065493	0.003944	0.009104	0.921459	
megahit_2885_295-534	OTHER	0.009502	0.033494	0.002780	0.954224	
megahit_2886_3-230	OTHER	0.065493	0.003944	0.009104	0.921459	
megahit_2886_724-1080	OTHER	0.003619	0.000145	0.002790	0.993446	
megahit_2894_770-1624	OTHER	0.102298	0.001229	0.002141	0.894332	
megahit_2894_2049-3200	SP(Sec/SPI)	0.973225	0.008061	0.016172	0.002543	CS pos: 22-23. VPA-QD. Pr: 0.4746
megahit_2894_3268-3663	OTHER	0.002974	0.001974	0.000422	0.994630	
megahit_2894_3667-4632	OTHER	0.010668	0.001392	0.000891	0.987049	
megahit_2894_5317-6816	OTHER	0.024391	0.023045	0.003637	0.948927	
megahit_2895_770-1624	OTHER	0.102298	0.001229	0.002141	0.894332	
megahit_2895_1728-2873	SP(Sec/SPI)	0.962374	0.003038	0.032750	0.001838	CS pos: 22-23. VPA-QD. Pr: 0.7212
megahit_2895_2941-3336	OTHER	0.002974	0.001974	0.000422	0.994630	
megahit_2895_3340-4305	OTHER	0.010668	0.001392	0.000891	0.987049	
megahit_2895_4990-6489	OTHER	0.024391	0.023045	0.003637	0.948927	
megahit_2899_770-1624	OTHER	0.102298	0.001229	0.002141	0.894332	
megahit_2899_2049-3200	SP(Sec/SPI)	0.973225	0.008061	0.016172	0.002543	CS pos: 22-23. VPA-QD. Pr: 0.4746
megahit_2899_3268-3663	OTHER	0.002974	0.001974	0.000422	0.994630	
megahit_2899_3667-4632	OTHER	0.010668	0.001392	0.000891	0.987049	
megahit_2899_5317-6816	OTHER	0.024391	0.023045	0.003637	0.948927	
megahit_2900_770-1624	OTHER	0.102298	0.001229	0.002141	0.894332	
megahit_2900_2049-3194	SP(Sec/SPI)	0.962374	0.003038	0.032750	0.001838	CS pos: 22-23. VPA-QD. Pr: 0.7212
megahit_2900_3262-3657	OTHER	0.002974	0.001974	0.000422	0.994630	
megahit_2900_3661-4626	OTHER	0.010668	0.001392	0.000891	0.987049	
megahit_2906_1-846	OTHER	0.013889	0.003029	0.002352	0.980730	
megahit_2906_847-1257	OTHER	0.010744	0.002485	0.004942	0.981829	
megahit_2907_55-564	OTHER	0.013889	0.003029	0.002352	0.980730	
megahit_2953_191-1063	OTHER	0.023877	0.002454	0.002413	0.971256	
megahit_2958_3-821	OTHER	0.060612	0.000514	0.002506	0.936368	
megahit_2958_2212-4281	OTHER	0.002053	0.001071	0.001271	0.995605	
megahit_2973_603-1796	OTHER	0.005830	0.003705	0.001048	0.989416	
megahit_2973_1820-2707	SP(Sec/SPI)	0.632042	0.003165	0.003426	0.361367	CS pos: 21-22. VFA-QN. Pr: 0.6168
megahit_2999_3-437	OTHER	0.002118	0.001365	0.000377	0.996140	
megahit_3003_176-562	OTHER	0.005414	0.008617	0.001052	0.984917	
megahit_3030_49-339	SP(Sec/SPI)	0.998365	0.000776	0.000615	0.000244	CS pos: 24-25. AHA-NV. Pr: 0.9801
megahit_3065_3-545	OTHER	0.131597	0.007503	0.284356	0.576543	
megahit_3140_68-1462	OTHER	0.023024	0.000851	0.002082	0.974043	
megahit_3176_152-439	OTHER	0.002829	0.000966	0.000770	0.995435	
megahit_3200_252-2999	OTHER	0.008203	0.002051	0.001181	0.988566	
megahit_3223_36-344	OTHER	0.005699	0.001142	0.000565	0.992595	
megahit_3227_514-1626	OTHER	0.008587	0.000553	0.000998	0.989863	
megahit_3373_1461-3410	OTHER	0.046155	0.001813	0.038527	0.913505	
megahit_3377_408-2072	SP(Sec/SPI)	0.992108	0.001000	0.002174	0.004718	CS pos: 23-24. LMA-QD. Pr: 0.9470
megahit_3393_3-254	OTHER	0.004452	0.001567	0.000985	0.992996	
megahit_3393_251-973	SP(Sec/SPI)	0.995494	0.000478	0.002006	0.002021	CS pos: 22-23. IYA-AS. Pr: 0.9759
megahit_3396_1-894	OTHER	0.001225	0.000668	0.000254	0.997853	
megahit_3414_43-324	OTHER	0.006864	0.004323	0.000476	0.988337	
megahit_3458_1-273	OTHER	0.014619	0.006260	0.004025	0.975096	
megahit_3463_47-379	OTHER	0.002990	0.004763	0.000773	0.991475	
megahit_3478_3-794	OTHER	0.156088	0.002941	0.171793	0.669178	
megahit_3481_2-1570	OTHER	0.006137	0.000654	0.001268	0.991941	
megahit_3485_43-858	OTHER	0.001922	0.000245	0.001183	0.996650	
megahit_3496_287-1363	SP(Sec/SPI)	0.990851	0.007373	0.000919	0.000857	CS pos: 24-25. AIA-DE. Pr: 0.9862
megahit_3497_286-1362	SP(Sec/SPI)	0.990851	0.007373	0.000919	0.000857	CS pos: 24-25. AIA-DE. Pr: 0.9862
megahit_3497_1452-2015	OTHER	0.020013	0.002901	0.004163	0.972923	
megahit_3604_2-1183	OTHER	0.006325	0.011261	0.001877	0.980538	
megahit_3613_183-452	OTHER	0.005201	0.000589	0.001488	0.992722	
megahit_3623_1-483	OTHER	0.025559	0.003510	0.003744	0.967188	
megahit_3720_3-650	OTHER	0.129980	0.005017	0.036265	0.828737	
megahit_3764_134-340	OTHER	0.008762	0.000522	0.000985	0.989731	
megahit_3773_3-413	SP(Sec/SPI)	0.991014	0.000157	0.008554	0.000274	CS pos: 25-26. ARA-QT. Pr: 0.9777
megahit_3775_1-1977	OTHER	0.002149	0.000190	0.000366	0.997295	
megahit_3822_2-799	OTHER	0.011183	0.001711	0.001494	0.985612	
megahit_3822_894-2846	SP(Sec/SPI)	0.994232	0.002658	0.002642	0.000468	CS pos: 25-26. AWA-QD. Pr: 0.9964
megahit_3823_2-640	SP(Sec/SPI)	0.994232	0.002658	0.002642	0.000468	CS pos: 25-26. AWA-QD. Pr: 0.9964
megahit_3827_202-303	OTHER	0.142375	0.030083	0.034884	0.792658	
megahit_3856_646-837	OTHER	0.003812	0.001659	0.001000	0.993529	
megahit_3862_2-2104	OTHER	0.008732	0.003820	0.000923	0.986524	
megahit_4060_2-925	OTHER	0.003551	0.016005	0.001066	0.979379	
megahit_4061_1-1809	OTHER	0.141747	0.007122	0.036858	0.814273	
megahit_4063_89-844	OTHER	0.008069	0.001189	0.001087	0.989654	
megahit_4064_559-1314	OTHER	0.008069	0.001189	0.001087	0.989654	
megahit_4065_188-844	OTHER	0.008069	0.001189	0.001087	0.989654	
megahit_4104_807-2078	OTHER	0.069385	0.003754	0.006033	0.920829	
megahit_4106_2-958	OTHER	0.045486	0.015315	0.004885	0.934315	
megahit_4139_3-368	OTHER	0.008116	0.018252	0.003145	0.970487	
megahit_4168_673-1239	OTHER	0.000474	0.000098	0.002760	0.996668	
megahit_4168_1245-3395	TAT(Tat/SPI)	0.003573	0.953606	0.039503	0.003318	CS pos: 39-40. PEA-KM. Pr: 0.3347
megahit_4169_904-3054	TAT(Tat/SPI)	0.003573	0.953606	0.039503	0.003318	CS pos: 39-40. PEA-KM. Pr: 0.3347
megahit_4172_3265-3726	OTHER	0.061181	0.010818	0.000797	0.927204	
megahit_4173_3602-4063	OTHER	0.061181	0.010818	0.000797	0.927204	
megahit_4174_904-3054	TAT(Tat/SPI)	0.003573	0.953606	0.039503	0.003318	CS pos: 39-40. PEA-KM. Pr: 0.3347
megahit_4201_123-1880	OTHER	0.005551	0.019277	0.000402	0.974770	
megahit_4202_123-1880	OTHER	0.005551	0.019277	0.000402	0.974770	
megahit_4276_1-66	OTHER	0.111301	0.033294	0.084976	0.770429	
megahit_4285_1-381	OTHER	0.094846	0.005968	0.008264	0.890921	
megahit_4316_3-329	OTHER	0.185138	0.009657	0.020746	0.784459	
megahit_4316_356-1933	OTHER	0.001949	0.000729	0.002697	0.994625	
megahit_4317_3-329	OTHER	0.185138	0.009657	0.020746	0.784459	
megahit_4317_356-1933	OTHER	0.002006	0.000554	0.002915	0.994525	
megahit_4340_46-396	OTHER	0.017987	0.013037	0.010677	0.958299	
megahit_4376_492-1169	OTHER	0.011220	0.001079	0.000848	0.986853	
megahit_4383_3-1328	OTHER	0.053816	0.034020	0.001335	0.910829	
megahit_4456_50-643	OTHER	0.009228	0.022833	0.001850	0.966089	
megahit_4485_1-330	OTHER	0.003079	0.000805	0.000554	0.995562	
megahit_4513_329-3895	SP(Sec/SPI)	0.978920	0.000527	0.009395	0.011157	CS pos: 22-23. VYA-LG. Pr: 0.9150
megahit_4514_329-3865	SP(Sec/SPI)	0.978920	0.000527	0.009395	0.011157	CS pos: 22-23. VYA-LG. Pr: 0.9150
megahit_4515_329-3883	SP(Sec/SPI)	0.978920	0.000527	0.009395	0.011157	CS pos: 22-23. VYA-LG. Pr: 0.9150
megahit_4537_2-1504	OTHER	0.061004	0.002612	0.026178	0.910207	
megahit_4539_2-1714	OTHER	0.061004	0.002612	0.026178	0.910207	
megahit_4631_3-1868	OTHER	0.387330	0.066834	0.008818	0.537018	
megahit_4632_97-1842	SP(Sec/SPI)	0.991732	0.001317	0.002687	0.004264	CS pos: 20-21. VHA-NY. Pr: 0.9748
megahit_4680_3-1559	OTHER	0.012706	0.001466	0.003103	0.982724	
megahit_4790_89-643	SP(Sec/SPI)	0.863994	0.001923	0.108785	0.025298	CS pos: 27-28. PHA-AE. Pr: 0.6842
megahit_4791_89-643	SP(Sec/SPI)	0.863994	0.001923	0.108785	0.025298	CS pos: 27-28. PHA-AE. Pr: 0.6842
megahit_4797_229-732	OTHER	0.002596	0.000112	0.000217	0.997075	
megahit_4827_99-686	OTHER	0.003817	0.002033	0.000372	0.993778	
megahit_4840_484-1389	OTHER	0.006497	0.000484	0.009213	0.983806	
megahit_4859_3-1169	OTHER	0.005774	0.001731	0.000671	0.991824	
megahit_4860_3-1169	OTHER	0.005774	0.001731	0.000671	0.991824	
megahit_4916_19-426	OTHER	0.013973	0.014006	0.004833	0.967188	
megahit_4979_1-678	SP(Sec/SPI)	0.997458	0.000624	0.000831	0.001087	CS pos: 21-22. AFA-NE. Pr: 0.9946
megahit_4980_1-2232	SP(Sec/SPI)	0.997458	0.000624	0.000831	0.001087	CS pos: 21-22. AFA-NE. Pr: 0.9946
megahit_5052_2-445	OTHER	0.007023	0.008419	0.000775	0.983784	
megahit_5058_38-859	OTHER	0.012599	0.002431	0.003850	0.981120	
megahit_5058_1312-1845	OTHER	0.285479	0.170750	0.016805	0.526966	
megahit_5143_1-1809	OTHER	0.003235	0.001604	0.000669	0.994493	
megahit_5144_1-843	OTHER	0.003235	0.001604	0.000669	0.994493	
megahit_5146_3-638	OTHER	0.022107	0.001191	0.004316	0.972386	
megahit_5187_2-412	OTHER	0.015588	0.007345	0.002621	0.974445	
megahit_5219_3-1064	LIPO(Sec/SPII)	0.005282	0.000045	0.994387	0.000285	CS pos: 20-21. ACG-CS. Pr: 0.6723
megahit_5245_2-763	OTHER	0.014818	0.006957	0.003513	0.974712	
megahit_5286_119-1375	OTHER	0.003598	0.001676	0.000538	0.994188	
megahit_5287_3-239	OTHER	0.002508	0.000354	0.000437	0.996700	
megahit_5287_417-1274	SP(Sec/SPI)	0.980996	0.000336	0.016195	0.002473	CS pos: 20-21. VNA-MT. Pr: 0.9525
megahit_5287_1472-2101	OTHER	0.008110	0.003699	0.001068	0.987123	
megahit_5288_3-239	OTHER	0.002508	0.000354	0.000437	0.996700	
megahit_5288_418-1275	SP(Sec/SPI)	0.980996	0.000336	0.016195	0.002473	CS pos: 20-21. VNA-MT. Pr: 0.9525
megahit_5463_1-321	OTHER	0.024047	0.001843	0.003398	0.970711	
megahit_5488_3-686	OTHER	0.003466	0.009991	0.000318	0.986225	
megahit_5633_98-1027	OTHER	0.031233	0.003160	0.011041	0.954566	
megahit_5634_241-1170	OTHER	0.031233	0.003160	0.011041	0.954566	
megahit_5635_98-865	OTHER	0.008274	0.001549	0.001726	0.988451	
megahit_5644_2-451	OTHER	0.056054	0.157109	0.004152	0.782685	
megahit_5656_3-1136	OTHER	0.063586	0.015521	0.009031	0.911862	
megahit_5704_432-710	OTHER	0.008681	0.003036	0.001409	0.986875	
megahit_5705_432-2405	OTHER	0.008681	0.003036	0.001409	0.986875	
megahit_5705_2409-3284	OTHER	0.029035	0.042728	0.005015	0.923222	
megahit_5705_3246-4517	OTHER	0.007834	0.006345	0.001468	0.984353	
megahit_5713_659-1993	TAT(Tat/SPI)	0.220163	0.766479	0.002761	0.010597	CS pos: 38-39. ASA-LE. Pr: 0.5879
megahit_5780_1-1134	OTHER	0.008849	0.001468	0.012092	0.977592	
megahit_5791_281-844	OTHER	0.017370	0.009017	0.001713	0.971899	
megahit_5794_281-844	OTHER	0.017370	0.009017	0.001713	0.971899	
megahit_5794_869-1723	OTHER	0.033155	0.013735	0.012135	0.940975	
megahit_5801_308-787	SP(Sec/SPI)	0.994121	0.001040	0.003567	0.001272	CS pos: 27-28. ANA-ND. Pr: 0.7379
megahit_5869_1-3345	OTHER	0.183747	0.002148	0.065644	0.748460	
megahit_5883_3-515	OTHER	0.003451	0.012953	0.000606	0.982991	
megahit_5889_2-541	TAT(Tat/SPI)	0.288119	0.629237	0.004239	0.078405	CS pos: 38-39. ALA-AL. Pr: 0.6948
megahit_5893_440-754	OTHER	0.002618	0.001230	0.000475	0.995676	
megahit_5993_44-838	OTHER	0.001619	0.000193	0.004388	0.993800	
megahit_5995_8-931	OTHER	0.004590	0.000355	0.000445	0.994610	
megahit_6023_3-3980	OTHER	0.164480	0.000379	0.267295	0.567846	
megahit_6051_867-2531	OTHER	0.004260	0.006068	0.000523	0.989148	
megahit_6113_274-654	OTHER	0.047029	0.004104	0.005569	0.943297	
megahit_6144_215-493	SP(Sec/SPI)	0.942408	0.001769	0.014786	0.041037	CS pos: 25-26. TIA-DE. Pr: 0.9105
megahit_6144_509-1201	OTHER	0.007578	0.002666	0.000767	0.988989	
megahit_6144_2583-3923	OTHER	0.021376	0.003389	0.002800	0.972435	
megahit_6146_276-1637	OTHER	0.090163	0.008229	0.007966	0.893641	
megahit_6146_1661-3001	OTHER	0.021376	0.003389	0.002800	0.972435	
megahit_6161_3-749	OTHER	0.013294	0.004765	0.001658	0.980283	
megahit_6246_1-2835	OTHER	0.013768	0.002077	0.002983	0.981173	
megahit_6249_13-1602	OTHER	0.007430	0.033083	0.001264	0.958223	
megahit_6270_130-693	OTHER	0.007663	0.017441	0.000608	0.974287	
megahit_6273_24-2621	SP(Sec/SPI)	0.908246	0.000298	0.079846	0.011610	CS pos: 15-16. ATA-VP. Pr: 0.6289
megahit_6275_24-2615	SP(Sec/SPI)	0.908246	0.000298	0.079846	0.011610	CS pos: 15-16. ATA-VP. Pr: 0.6289
megahit_6276_24-2912	SP(Sec/SPI)	0.908246	0.000298	0.079846	0.011610	CS pos: 15-16. ATA-VP. Pr: 0.6289
megahit_6292_1-462	OTHER	0.005263	0.000989	0.000787	0.992960	
megahit_6309_1-261	OTHER	0.002050	0.000473	0.000256	0.997221	
megahit_6332_491-1213	OTHER	0.006176	0.004443	0.001033	0.988348	
megahit_6462_1-591	OTHER	0.011479	0.002483	0.001959	0.984078	
megahit_6463_178-741	OTHER	0.011025	0.002452	0.001940	0.984583	
megahit_6464_3-545	OTHER	0.011479	0.002483	0.001959	0.984078	
megahit_6471_61-996	OTHER	0.003954	0.005534	0.000508	0.990004	
megahit_6510_1-321	OTHER	0.004122	0.001086	0.001168	0.993623	
megahit_6526_446-796	OTHER	0.000397	0.000088	0.000946	0.998569	
megahit_6542_1-378	OTHER	0.006700	0.001006	0.001229	0.991066	
megahit_6556_3-614	OTHER	0.009837	0.002892	0.001084	0.986188	
megahit_6557_1-423	OTHER	0.047269	0.005336	0.006078	0.941317	
megahit_6559_1-360	OTHER	0.009493	0.000374	0.001021	0.989111	
megahit_6564_198-1808	OTHER	0.039050	0.000920	0.040785	0.919245	
megahit_6566_198-1808	OTHER	0.039050	0.000920	0.040785	0.919245	
megahit_6610_2-553	OTHER	0.031253	0.001271	0.007236	0.960240	
megahit_6611_2-553	OTHER	0.034531	0.001220	0.008083	0.956167	
megahit_6612_2-553	OTHER	0.034531	0.001220	0.008083	0.956167	
megahit_6633_3-983	OTHER	0.008305	0.001074	0.001675	0.988947	
megahit_6649_3-779	OTHER	0.085900	0.089829	0.112115	0.712157	
megahit_6708_49-1818	OTHER	0.001393	0.000367	0.000855	0.997385	
megahit_6708_3569-4072	OTHER	0.003844	0.001712	0.000574	0.993869	
megahit_6708_4256-5638	OTHER	0.004889	0.000692	0.001240	0.993179	
megahit_6709_3569-4072	OTHER	0.003097	0.001856	0.000391	0.994656	
megahit_6712_2-112	OTHER	0.041208	0.012019	0.017891	0.928882	
megahit_6742_316-684	OTHER	0.002501	0.000868	0.000461	0.996170	
megahit_6743_315-683	OTHER	0.002525	0.000790	0.000458	0.996227	
megahit_6749_109-1188	OTHER	0.002752	0.002148	0.000581	0.994519	
megahit_6766_307-1758	TAT(Tat/SPI)	0.038436	0.898398	0.002260	0.060906	CS pos: 41-42. SFG-AP. Pr: 0.4546
megahit_6766_1822-4719	SP(Sec/SPI)	0.963005	0.000176	0.036506	0.000313	CS pos: 19-20. ASA-NE. Pr: 0.9056
megahit_6766_4838-6130	TAT(Tat/SPI)	0.005139	0.994126	0.000245	0.000490	CS pos: 36-37. AQA-AA. Pr: 0.4070
megahit_6767_564-2015	TAT(Tat/SPI)	0.038436	0.898398	0.002260	0.060906	CS pos: 41-42. SFG-AP. Pr: 0.4546
megahit_6767_2079-4976	SP(Sec/SPI)	0.963005	0.000176	0.036506	0.000313	CS pos: 19-20. ASA-NE. Pr: 0.9056
megahit_6767_5095-6387	TAT(Tat/SPI)	0.005139	0.994126	0.000245	0.000490	CS pos: 36-37. AQA-AA. Pr: 0.4070
megahit_6768_122-1261	SP(Sec/SPI)	0.996043	0.001035	0.002212	0.000711	CS pos: 19-20. ALA-AE. Pr: 0.9766
megahit_6768_1264-3015	SP(Sec/SPI)	0.995323	0.000566	0.003786	0.000325	CS pos: 18-19. VVA-AD. Pr: 0.6255
megahit_6768_3139-4602	TAT(Tat/SPI)	0.000649	0.998565	0.000218	0.000567	CS pos: 46-47. AQA-AD. Pr: 0.9794
megahit_6768_4730-7852	OTHER	0.022203	0.022818	0.004050	0.950929	
megahit_6769_3-500	SP(Sec/SPI)	0.987893	0.001200	0.007404	0.003503	CS pos: 25-26. THA-EH. Pr: 0.9765
megahit_6769_626-2077	TAT(Tat/SPI)	0.038436	0.898398	0.002260	0.060906	CS pos: 41-42. SFG-AP. Pr: 0.4546
megahit_6769_2141-5038	SP(Sec/SPI)	0.963005	0.000176	0.036506	0.000313	CS pos: 19-20. ASA-NE. Pr: 0.9056
megahit_6769_5157-6449	TAT(Tat/SPI)	0.005139	0.994126	0.000245	0.000490	CS pos: 36-37. AQA-AA. Pr: 0.4070
megahit_6770_122-1258	SP(Sec/SPI)	0.995323	0.000566	0.003786	0.000325	CS pos: 18-19. VVA-AD. Pr: 0.6255
megahit_6770_1382-2845	TAT(Tat/SPI)	0.000649	0.998565	0.000218	0.000567	CS pos: 46-47. AQA-AD. Pr: 0.9794
megahit_6770_2973-6095	OTHER	0.022203	0.022818	0.004050	0.950929	
megahit_6771_307-696	OTHER	0.014425	0.007610	0.001781	0.976185	
megahit_6772_74-604	TAT(Tat/SPI)	0.005139	0.994126	0.000245	0.000490	CS pos: 36-37. AQA-AA. Pr: 0.4070
megahit_6773_2-310	OTHER	0.026185	0.002051	0.002755	0.969009	
megahit_6788_1627-2136	LIPO(Sec/SPII)	0.001961	0.000167	0.996113	0.001759	CS pos: 24-25. LSA-CG. Pr: 0.9974
megahit_6788_2160-4529	OTHER	0.041136	0.002296	0.007404	0.949164	
megahit_6789_572-1606	OTHER	0.009498	0.006396	0.004092	0.980015	
megahit_6789_1627-2136	LIPO(Sec/SPII)	0.001961	0.000167	0.996113	0.001759	CS pos: 24-25. LSA-CG. Pr: 0.9974
megahit_6789_2160-4529	OTHER	0.041136	0.002296	0.007404	0.949164	
megahit_6801_46-882	SP(Sec/SPI)	0.993529	0.000362	0.005884	0.000226	CS pos: 23-24. AMA-KV. Pr: 0.8089
megahit_6803_209-721	OTHER	0.036909	0.000753	0.003715	0.958623	
megahit_6804_2254-3081	OTHER	0.032788	0.013887	0.002274	0.951051	
megahit_6804_3214-3708	OTHER	0.005392	0.003149	0.001448	0.990011	
megahit_6827_2-745	OTHER	0.001101	0.000137	0.000120	0.998643	
megahit_6829_3-1532	OTHER	0.001725	0.002189	0.000234	0.995851	
megahit_6829_1673-2068	OTHER	0.004828	0.000291	0.001354	0.993527	
megahit_6830_3-1532	OTHER	0.001725	0.002189	0.000234	0.995851	
megahit_6830_1673-2068	OTHER	0.004828	0.000291	0.001354	0.993527	
megahit_6841_1-534	OTHER	0.002687	0.000711	0.000628	0.995974	
megahit_6847_3-1481	OTHER	0.068788	0.031545	0.014070	0.885597	
megahit_6896_2148-3578	OTHER	0.002748	0.000540	0.002902	0.993811	
megahit_6904_3-545	OTHER	0.015618	0.005090	0.001043	0.978249	
megahit_6986_62-1174	LIPO(Sec/SPII)	0.000901	0.000037	0.998768	0.000294	CS pos: 16-17. VFS-CS. Pr: 0.9990
megahit_6987_62-1411	LIPO(Sec/SPII)	0.000901	0.000037	0.998768	0.000294	CS pos: 16-17. VFS-CS. Pr: 0.9990
megahit_7026_2-388	OTHER	0.007741	0.003072	0.000845	0.988342	
megahit_7036_1-1137	LIPO(Sec/SPII)	0.030342	0.000747	0.964509	0.004402	CS pos: 26-27. LTG-CV. Pr: 0.9626
megahit_7049_1-834	OTHER	0.013781	0.001463	0.001294	0.983463	
megahit_7074_140-616	SP(Sec/SPI)	0.993590	0.000368	0.005534	0.000508	CS pos: 20-21. VTA-EI. Pr: 0.9358
megahit_7075_140-616	SP(Sec/SPI)	0.993590	0.000368	0.005534	0.000508	CS pos: 20-21. VTA-EI. Pr: 0.9358
megahit_7075_638-1060	TAT(Tat/SPI)	0.169626	0.825733	0.003233	0.001408	CS pos: 28-29. AYA-SL. Pr: 0.8031
megahit_7130_28-1101	OTHER	0.074142	0.033805	0.006720	0.885332	
megahit_7232_264-551	SP(Sec/SPI)	0.787988	0.000157	0.211480	0.000375	CS pos: 20-21. VHA-DE. Pr: 0.7865
megahit_7277_3-764	OTHER	0.007238	0.002082	0.001151	0.989530	
megahit_7277_2089-3024	OTHER	0.048551	0.125499	0.008291	0.817660	
megahit_7278_2059-2994	OTHER	0.048551	0.125499	0.008291	0.817660	
megahit_7279_3-764	OTHER	0.007238	0.002082	0.001151	0.989530	
megahit_7279_752-1318	LIPO(Sec/SPII)	0.002541	0.000126	0.996162	0.001171	CS pos: 22-23. LVG-CV. Pr: 0.9967
megahit_7280_3-764	OTHER	0.007238	0.002082	0.001151	0.989530	
megahit_7368_139-1005	SP(Sec/SPI)	0.957247	0.035549	0.002521	0.004682	CS pos: 29-30. AWA-AI. Pr: 0.9702
megahit_7370_139-1005	SP(Sec/SPI)	0.957247	0.035549	0.002521	0.004682	CS pos: 29-30. AWA-AI. Pr: 0.9702
megahit_7380_134-5134	SP(Sec/SPI)	0.963691	0.001163	0.007939	0.027207	CS pos: 31-32. TYA-NE. Pr: 0.9153
megahit_7380_5202-6020	OTHER	0.019346	0.000557	0.053015	0.927082	
megahit_7381_2-634	OTHER	0.077635	0.000745	0.014214	0.907406	
megahit_7381_2017-10224	SP(Sec/SPI)	0.994751	0.000185	0.003466	0.001599	CS pos: 26-27. TYA-NE. Pr: 0.9605
megahit_7381_10307-11125	OTHER	0.019346	0.000557	0.053015	0.927082	
megahit_7395_1415-2881	OTHER	0.021286	0.003005	0.003470	0.972240	
megahit_7443_2-442	OTHER	0.056117	0.002943	0.002024	0.938915	
megahit_7450_4291-5079	OTHER	0.011266	0.002243	0.000426	0.986065	
megahit_7450_5091-5852	OTHER	0.004872	0.003373	0.000371	0.991383	
megahit_7450_5849-6487	OTHER	0.033757	0.005878	0.005259	0.955107	
megahit_7450_6671-6964	TAT(Tat/SPI)	0.001391	0.998229	0.000228	0.000152	CS pos: 31-32. AQA-QE. Pr: 0.9647
megahit_7470_3-1034	OTHER	0.003681	0.003637	0.000788	0.991894	
megahit_7475_68-2437	OTHER	0.009037	0.025610	0.001057	0.964297	
megahit_7475_2765-3034	OTHER	0.006691	0.001830	0.001276	0.990203	
megahit_7476_1-966	OTHER	0.009037	0.025610	0.001057	0.964297	
megahit_7477_2-733	OTHER	0.017922	0.003431	0.002585	0.976063	
megahit_7478_151-420	OTHER	0.006691	0.001830	0.001276	0.990203	
megahit_7479_68-2437	OTHER	0.009037	0.025610	0.001057	0.964297	
megahit_7479_2765-3034	OTHER	0.006691	0.001830	0.001276	0.990203	
megahit_7480_31-300	OTHER	0.006691	0.001830	0.001276	0.990203	
megahit_7482_68-2443	OTHER	0.008783	0.008665	0.001425	0.981126	
megahit_7485_68-2443	OTHER	0.008783	0.008665	0.001425	0.981126	
megahit_7486_1-630	OTHER	0.009037	0.025610	0.001057	0.964297	
megahit_7495_2-568	OTHER	0.048081	0.010201	0.170160	0.771558	
megahit_7498_3586-4128	OTHER	0.003577	0.001638	0.000591	0.994193	
megahit_7498_4128-4982	OTHER	0.043183	0.000958	0.013150	0.942709	
megahit_7499_7043-8722	OTHER	0.002278	0.005353	0.000734	0.991636	
megahit_7502_72-1109	OTHER	0.002523	0.000145	0.000285	0.997046	
megahit_7528_18-1880	OTHER	0.002460	0.000544	0.000779	0.996217	
megahit_7529_18-1673	OTHER	0.002481	0.000293	0.000847	0.996380	
megahit_7541_94-1749	OTHER	0.025993	0.000250	0.020489	0.953268	
megahit_7541_1807-2556	OTHER	0.003191	0.000860	0.000246	0.995703	
megahit_7547_3-1442	OTHER	0.001805	0.003763	0.000185	0.994247	
megahit_7547_1439-1957	OTHER	0.005717	0.001627	0.000970	0.991685	
megahit_7549_85-876	LIPO(Sec/SPII)	0.153492	0.008838	0.748817	0.088852	CS pos: 47-48. FTA-CT. Pr: 0.7168
megahit_7549_920-1759	OTHER	0.083795	0.002028	0.013778	0.900400	
megahit_7549_1835-2767	SP(Sec/SPI)	0.536887	0.418016	0.010879	0.034218	CS pos: 40-41. AQA-DH. Pr: 0.8979
megahit_7549_2813-3526	SP(Sec/SPI)	0.997915	0.001004	0.000765	0.000316	CS pos: 25-26. ASA-AT. Pr: 0.9715
megahit_7549_3698-5272	OTHER	0.007394	0.000411	0.000639	0.991556	
megahit_7550_614-1189	OTHER	0.025632	0.073403	0.002643	0.898321	
megahit_7551_85-876	LIPO(Sec/SPII)	0.153492	0.008838	0.748817	0.088852	CS pos: 47-48. FTA-CT. Pr: 0.7168
megahit_7551_920-1759	OTHER	0.083795	0.002028	0.013778	0.900400	
megahit_7551_1835-2767	SP(Sec/SPI)	0.536887	0.418016	0.010879	0.034218	CS pos: 40-41. AQA-DH. Pr: 0.8979
megahit_7551_2813-3526	SP(Sec/SPI)	0.997915	0.001004	0.000765	0.000316	CS pos: 25-26. ASA-AT. Pr: 0.9715
megahit_7551_3698-5218	OTHER	0.002734	0.001765	0.000337	0.995165	
megahit_7551_5215-5790	OTHER	0.025504	0.070802	0.002653	0.901040	
megahit_7579_628-3606	SP(Sec/SPI)	0.998474	0.000703	0.000565	0.000258	CS pos: 23-24. ALA-KD. Pr: 0.9972
megahit_7579_3673-6189	SP(Sec/SPI)	0.650638	0.021293	0.145440	0.182630	CS pos: 36-37. ADA-DP. Pr: 0.3313
megahit_7579_6189-8585	SP(Sec/SPI)	0.986032	0.001171	0.007223	0.005574	CS pos: 25-26. TFA-GM. Pr: 0.9053
megahit_7579_8697-10055	TAT(Tat/SPI)	0.022092	0.884065	0.001470	0.092373	CS pos: 51-52. AMA-EK. Pr: 0.8632
megahit_7579_10232-12073	OTHER	0.025809	0.000819	0.002175	0.971196	
megahit_7579_12084-13487	OTHER	0.001903	0.000674	0.001250	0.996174	
megahit_7580_2-631	OTHER	0.056218	0.048592	0.003988	0.891202	
megahit_7580_628-3606	SP(Sec/SPI)	0.998474	0.000703	0.000565	0.000258	CS pos: 23-24. ALA-KD. Pr: 0.9972
megahit_7580_3673-6189	SP(Sec/SPI)	0.650638	0.021293	0.145440	0.182630	CS pos: 36-37. ADA-DP. Pr: 0.3313
megahit_7580_6189-8585	SP(Sec/SPI)	0.986032	0.001171	0.007223	0.005574	CS pos: 25-26. TFA-GM. Pr: 0.9053
megahit_7580_8697-10055	TAT(Tat/SPI)	0.022092	0.884065	0.001470	0.092373	CS pos: 51-52. AMA-EK. Pr: 0.8632
megahit_7580_10232-12073	OTHER	0.025809	0.000819	0.002175	0.971196	
megahit_7580_12084-13487	OTHER	0.001903	0.000674	0.001250	0.996174	
megahit_7581_72-1604	SP(Sec/SPI)	0.998474	0.000703	0.000565	0.000258	CS pos: 23-24. ALA-KD. Pr: 0.9972
megahit_7581_1671-4187	SP(Sec/SPI)	0.650638	0.021293	0.145440	0.182630	CS pos: 36-37. ADA-DP. Pr: 0.3313
megahit_7581_4187-6583	SP(Sec/SPI)	0.986032	0.001171	0.007223	0.005574	CS pos: 25-26. TFA-GM. Pr: 0.9053
megahit_7581_6695-8053	TAT(Tat/SPI)	0.022092	0.884065	0.001470	0.092373	CS pos: 51-52. AMA-EK. Pr: 0.8632
megahit_7581_8230-10071	OTHER	0.025809	0.000819	0.002175	0.971196	
megahit_7581_10082-11485	OTHER	0.001903	0.000674	0.001250	0.996174	
megahit_7672_1-801	OTHER	0.040721	0.067260	0.009951	0.882067	
megahit_7699_258-1391	OTHER	0.005027	0.004253	0.000638	0.990082	
megahit_7704_3-1013	OTHER	0.005245	0.000267	0.003004	0.991484	
megahit_7704_1044-1520	OTHER	0.003937	0.009780	0.000811	0.985472	
megahit_7705_93-2063	OTHER	0.048168	0.002969	0.041908	0.906955	
megahit_7705_2067-2573	OTHER	0.002519	0.001665	0.000458	0.995357	
megahit_7705_2670-3020	OTHER	0.026634	0.000444	0.000561	0.972361	
megahit_7708_1-1443	SP(Sec/SPI)	0.988008	0.000246	0.011442	0.000304	CS pos: 20-21. SLA-AQ. Pr: 0.8645
megahit_7709_4048-5655	OTHER	0.014322	0.004650	0.002748	0.978280	
megahit_7719_918-1409	OTHER	0.013703	0.001955	0.002086	0.982256	
megahit_7740_1-306	OTHER	0.011050	0.033235	0.000925	0.954789	
megahit_7799_2-790	OTHER	0.006827	0.006653	0.000967	0.985553	
megahit_7815_54-926	OTHER	0.118553	0.003152	0.009349	0.868946	
megahit_7863_125-1207	OTHER	0.015048	0.002999	0.000801	0.981153	
megahit_7906_2-616	OTHER	0.005180	0.001652	0.000645	0.992523	
megahit_7908_76-846	OTHER	0.003226	0.000716	0.000303	0.995755	
megahit_8000_638-2005	OTHER	0.014523	0.003068	0.003576	0.978833	
megahit_8004_484-627	OTHER	0.006900	0.003026	0.007815	0.982259	
megahit_8008_3-647	OTHER	0.006269	0.025744	0.001054	0.966934	
megahit_8008_906-1181	OTHER	0.015972	0.037238	0.002298	0.944492	
megahit_8018_2-1009	OTHER	0.008720	0.003173	0.000974	0.987132	
megahit_8039_1758-3578	OTHER	0.067996	0.000513	0.023282	0.908209	
megahit_8039_4053-4451	OTHER	0.006922	0.004402	0.001589	0.987086	
megahit_8040_1758-3578	OTHER	0.067996	0.000513	0.023282	0.908209	
megahit_8040_3907-4047	OTHER	0.009058	0.008445	0.003253	0.979243	
megahit_8069_2-649	SP(Sec/SPI)	0.997706	0.000326	0.001495	0.000473	CS pos: 20-21. ANA-QN. Pr: 0.9800
megahit_8122_18-857	OTHER	0.024476	0.000789	0.028958	0.945776	
megahit_8122_1588-2247	OTHER	0.024010	0.008333	0.006164	0.961493	
megahit_8122_2279-3295	OTHER	0.010497	0.000313	0.002081	0.987108	
megahit_8123_53-490	OTHER	0.024476	0.000789	0.028958	0.945776	
megahit_8123_1221-1880	OTHER	0.024010	0.008333	0.006164	0.961493	
megahit_8123_1912-2928	OTHER	0.010497	0.000313	0.002081	0.987108	
megahit_8181_47-829	OTHER	0.002722	0.000473	0.000269	0.996536	
megahit_8193_2-592	OTHER	0.096343	0.007826	0.027530	0.868301	
megahit_8319_83-421	OTHER	0.008763	0.003617	0.001356	0.986263	
megahit_8332_2-520	OTHER	0.054710	0.001152	0.003274	0.940865	
megahit_8448_74-1771	OTHER	0.006013	0.000364	0.000401	0.993223	
megahit_8458_79-918	SP(Sec/SPI)	0.991042	0.000436	0.004201	0.004321	CS pos: 23-24. VRA-DD. Pr: 0.9883
megahit_8528_2-913	OTHER	0.007685	0.001205	0.002353	0.988756	
megahit_8545_249-1151	OTHER	0.072109	0.389099	0.035540	0.503252	
megahit_8550_588-1073	OTHER	0.019856	0.003952	0.001590	0.974602	
megahit_8573_33-905	SP(Sec/SPI)	0.919900	0.057357	0.012771	0.009972	CS pos: 35-36. AQA-QN. Pr: 0.9487
megahit_8574_122-1033	OTHER	0.008706	0.009096	0.001837	0.980361	
megahit_8590_1356-2714	SP(Sec/SPI)	0.960691	0.032268	0.002358	0.004682	CS pos: 35-36. AHA-KQ. Pr: 0.9865
megahit_8795_412-1095	OTHER	0.006977	0.008088	0.001022	0.983912	
megahit_8820_1-360	OTHER	0.023163	0.002799	0.004310	0.969729	
megahit_8909_444-722	OTHER	0.001647	0.000401	0.000219	0.997733	
megahit_8932_67-1095	OTHER	0.116877	0.003469	0.018737	0.860917	
megahit_8940_2-373	OTHER	0.008733	0.003589	0.002105	0.985573	
megahit_8940_389-1315	OTHER	0.007183	0.005997	0.000606	0.986214	
megahit_8941_2-349	OTHER	0.005969	0.007323	0.001172	0.985536	
megahit_8941_390-1316	OTHER	0.007183	0.005997	0.000606	0.986214	
megahit_8966_2-385	OTHER	0.007961	0.001087	0.001562	0.989390	
