# SignalP-5.0	Organism: Gram-negative	Timestamp: 20230503164320
# ID	Prediction	SP(Sec/SPI)	TAT(Tat/SPI)	LIPO(Sec/SPII)	OTHER	CS Position
megahit_78946_1465-2082	OTHER	0.081956	0.013656	0.037762	0.866626	
megahit_78946_2321-3016	OTHER	0.009344	0.001150	0.001590	0.987916	
megahit_78947_1-507	OTHER	0.026584	0.004305	0.008152	0.960959	
megahit_78947_528-1088	OTHER	0.019123	0.002088	0.002561	0.976227	
megahit_78948_2-442	OTHER	0.011173	0.004069	0.004191	0.980568	
megahit_78948_432-1088	OTHER	0.047651	0.019420	0.008403	0.924526	
megahit_78949_1-513	LIPO(Sec/SPII)	0.018925	0.011835	0.921417	0.047824	CS pos: 20-21. GAA-CE. Pr: 0.9300
megahit_78949_593-1030	OTHER	0.011305	0.001368	0.001810	0.985518	
megahit_78949_1120-1452	OTHER	0.008038	0.004622	0.000908	0.986431	
megahit_78949_1697-2185	OTHER	0.003612	0.017734	0.000463	0.978191	
megahit_78949_2178-2510	OTHER	0.041396	0.003787	0.003441	0.951376	
megahit_78950_1-513	LIPO(Sec/SPII)	0.018925	0.011835	0.921417	0.047824	CS pos: 20-21. GAA-CE. Pr: 0.9300
megahit_78950_593-886	OTHER	0.011305	0.001368	0.001810	0.985518	
megahit_78957_184-552	OTHER	0.005343	0.000296	0.002748	0.991613	
megahit_78957_566-1099	OTHER	0.004311	0.000400	0.000716	0.994574	
megahit_78960_2-127	OTHER	0.035923	0.014640	0.006557	0.942880	
megahit_78960_174-326	OTHER	0.034293	0.010144	0.017950	0.937613	
megahit_78960_329-697	OTHER	0.005343	0.000296	0.002748	0.991613	
megahit_78960_711-1244	OTHER	0.004311	0.000400	0.000716	0.994574	
megahit_78985_3-560	OTHER	0.154354	0.041702	0.012149	0.791795	
megahit_79023_11-625	OTHER	0.004967	0.003214	0.000468	0.991352	
megahit_79024_11-604	OTHER	0.004967	0.003214	0.000468	0.991352	
megahit_79025_2-448	OTHER	0.002372	0.000324	0.000359	0.996945	
megahit_79038_3-305	SP(Sec/SPI)	0.482144	0.150014	0.006476	0.361366	CS pos: 57-58. AAA-LE. Pr: 0.5607
megahit_79038_309-629	OTHER	0.015348	0.007472	0.001626	0.975553	
megahit_79106_24-758	SP(Sec/SPI)	0.990396	0.000230	0.008367	0.001006	CS pos: 20-21. ANA-GV. Pr: 0.9511
megahit_79126_1-270	OTHER	0.004583	0.001398	0.000628	0.993390	
megahit_79127_29-256	OTHER	0.001748	0.002981	0.000287	0.994983	
megahit_79188_787-2280	OTHER	0.007055	0.002305	0.001664	0.988976	
megahit_79204_794-1039	OTHER	0.018021	0.017156	0.004546	0.960278	
megahit_79205_161-1216	OTHER	0.006386	0.000760	0.000660	0.992195	
megahit_79205_1368-2051	OTHER	0.175157	0.004507	0.015059	0.805278	
megahit_79206_3-506	OTHER	0.175157	0.004507	0.015059	0.805278	
megahit_79209_106-627	OTHER	0.005654	0.000515	0.002813	0.991018	
megahit_79211_2-229	OTHER	0.002279	0.001104	0.000281	0.996336	
megahit_79211_297-818	OTHER	0.005654	0.000515	0.002813	0.991018	
megahit_79269_2-550	TAT(Tat/SPI)	0.179250	0.817838	0.001758	0.001153	CS pos: 26-27. AIA-QD. Pr: 0.8956
megahit_79270_2-550	TAT(Tat/SPI)	0.179250	0.817838	0.001758	0.001153	CS pos: 26-27. AIA-QD. Pr: 0.8956
megahit_79271_2-346	TAT(Tat/SPI)	0.179250	0.817838	0.001758	0.001153	CS pos: 26-27. AIA-QD. Pr: 0.8956
megahit_79286_2-349	LIPO(Sec/SPII)	0.011506	0.000906	0.987121	0.000467	CS pos: 21-22. LAS-CA. Pr: 0.9875
megahit_79306_1-690	OTHER	0.003162	0.000706	0.002377	0.993755	
megahit_79315_492-1424	OTHER	0.003116	0.000766	0.000299	0.995819	
megahit_79328_204-866	OTHER	0.039021	0.003775	0.006514	0.950689	
megahit_79330_204-866	OTHER	0.039021	0.003775	0.006514	0.950689	
megahit_79383_2-1450	LIPO(Sec/SPII)	0.002142	0.000113	0.997347	0.000398	CS pos: 21-22. LAS-CG. Pr: 0.9979
megahit_79401_3-452	OTHER	0.021685	0.001893	0.002945	0.973477	
megahit_79411_3-416	OTHER	0.014528	0.000660	0.000701	0.984111	
megahit_79412_2-211	OTHER	0.015793	0.000781	0.000791	0.982636	
megahit_79416_3-710	OTHER	0.018819	0.044222	0.001564	0.935395	
megahit_79426_201-626	OTHER	0.006961	0.000466	0.000759	0.991814	
megahit_79441_23-547	OTHER	0.008334	0.003196	0.000942	0.987528	
megahit_79468_1-324	OTHER	0.022250	0.024228	0.116092	0.837430	
megahit_79540_3-959	OTHER	0.005618	0.001685	0.000479	0.992218	
megahit_79540_1029-2150	OTHER	0.001585	0.000387	0.000225	0.997803	
megahit_79542_2-241	OTHER	0.006034	0.002675	0.002079	0.989212	
megahit_79546_85-543	OTHER	0.019159	0.004624	0.002425	0.973793	
megahit_79557_3-950	TAT(Tat/SPI)	0.320738	0.669175	0.007104	0.002984	CS pos: 29-30. AQA-GP. Pr: 0.8247
megahit_79596_1-810	OTHER	0.029404	0.009616	0.003496	0.957484	
megahit_79659_2-1072	OTHER	0.000737	0.000251	0.000071	0.998940	
megahit_79659_1062-1865	OTHER	0.003064	0.000382	0.000541	0.996012	
megahit_79659_4417-5691	OTHER	0.005780	0.003440	0.001671	0.989109	
megahit_79659_5750-6682	OTHER	0.001629	0.000274	0.000331	0.997766	
megahit_79661_2-1072	OTHER	0.000737	0.000251	0.000071	0.998940	
megahit_79661_4216-4359	OTHER	0.024221	0.004463	0.007342	0.963974	
megahit_79661_4363-5637	OTHER	0.005780	0.003440	0.001671	0.989109	
megahit_79661_5696-6628	OTHER	0.001629	0.000274	0.000331	0.997766	
megahit_79663_3-1268	OTHER	0.005780	0.003440	0.001671	0.989109	
megahit_79670_3-554	OTHER	0.030309	0.011631	0.015980	0.942079	
megahit_79687_27-524	OTHER	0.007399	0.000479	0.000370	0.991752	
megahit_79692_177-476	OTHER	0.023016	0.020723	0.005897	0.950364	
megahit_79725_63-515	OTHER	0.037430	0.004943	0.006363	0.951264	
megahit_79725_1290-1649	OTHER	0.006230	0.000797	0.001025	0.991948	
megahit_79726_63-515	OTHER	0.037430	0.004943	0.006363	0.951264	
megahit_79726_508-1041	OTHER	0.234345	0.002310	0.052653	0.710691	
megahit_79726_1038-1649	OTHER	0.003387	0.002535	0.000924	0.993154	
megahit_79726_1792-2571	OTHER	0.017681	0.000406	0.002466	0.979446	
megahit_79728_63-515	OTHER	0.037430	0.004943	0.006363	0.951264	
megahit_79728_508-1041	OTHER	0.234345	0.002310	0.052653	0.710691	
megahit_79728_1038-1649	OTHER	0.003387	0.002535	0.000924	0.993154	
megahit_79730_63-515	OTHER	0.037430	0.004943	0.006363	0.951264	
megahit_79730_1189-2403	OTHER	0.009680	0.001802	0.000458	0.988060	
megahit_79775_835-3405	SP(Sec/SPI)	0.794886	0.200458	0.001956	0.002700	CS pos: 32-33. VYA-QE. Pr: 0.9316
megahit_79776_835-3450	TAT(Tat/SPI)	0.310293	0.654194	0.001433	0.034081	CS pos: 47-48. VYA-QE. Pr: 0.8381
megahit_79777_2-1000	SP(Sec/SPI)	0.794886	0.200458	0.001956	0.002700	CS pos: 32-33. VYA-QE. Pr: 0.9316
megahit_79778_585-1730	OTHER	0.012795	0.011164	0.002148	0.973894	
megahit_79781_316-1095	OTHER	0.006578	0.002152	0.000404	0.990865	
megahit_79783_26-196	OTHER	0.002467	0.010970	0.000563	0.986000	
megahit_79783_249-356	OTHER	0.062202	0.052432	0.027971	0.857395	
megahit_79785_26-196	OTHER	0.002467	0.010970	0.000563	0.986000	
megahit_79785_249-356	OTHER	0.062202	0.052432	0.027971	0.857395	
megahit_79806_1-228	OTHER	0.003994	0.047561	0.000565	0.947879	
megahit_79806_316-603	OTHER	0.017066	0.003751	0.003427	0.975756	
megahit_79806_698-1174	OTHER	0.005832	0.006494	0.000836	0.986838	
megahit_79808_48-926	SP(Sec/SPI)	0.565731	0.006595	0.061950	0.365725	CS pos: 31-32. AVS-QF. Pr: 0.3854
megahit_79808_1063-1824	OTHER	0.032390	0.005296	0.022729	0.939585	
megahit_79809_1-228	OTHER	0.003994	0.047561	0.000565	0.947879	
megahit_79809_2785-3546	OTHER	0.032390	0.005296	0.022729	0.939585	
megahit_79822_1-663	OTHER	0.006490	0.016525	0.000719	0.976265	
megahit_79853_179-1072	OTHER	0.007282	0.019790	0.001875	0.971053	
megahit_79853_1104-1322	OTHER	0.002192	0.001057	0.003552	0.993199	
megahit_79853_1780-2772	OTHER	0.007493	0.000625	0.001066	0.990816	
megahit_79853_2819-3130	SP(Sec/SPI)	0.990287	0.000221	0.005861	0.003632	CS pos: 23-24. SLA-QT. Pr: 0.9196
megahit_79853_3200-3856	SP(Sec/SPI)	0.992037	0.000965	0.004743	0.002255	CS pos: 29-30. TYA-AD. Pr: 0.9516
megahit_79853_3881-4597	OTHER	0.003819	0.006788	0.000644	0.988749	
megahit_79854_179-1072	OTHER	0.007282	0.019790	0.001875	0.971053	
megahit_79854_1104-1322	OTHER	0.002192	0.001057	0.003552	0.993199	
megahit_79854_1780-2772	OTHER	0.007493	0.000625	0.001066	0.990816	
megahit_79854_2819-3130	SP(Sec/SPI)	0.990287	0.000221	0.005861	0.003632	CS pos: 23-24. SLA-QT. Pr: 0.9196
megahit_79854_3200-3856	SP(Sec/SPI)	0.992037	0.000965	0.004743	0.002255	CS pos: 29-30. TYA-AD. Pr: 0.9516
megahit_79854_3881-4564	OTHER	0.003819	0.006788	0.000644	0.988749	
megahit_79854_4601-4690	OTHER	0.094890	0.041453	0.050500	0.813157	
megahit_79855_179-1072	OTHER	0.007282	0.019790	0.001875	0.971053	
megahit_79855_1104-1322	OTHER	0.002192	0.001057	0.003552	0.993199	
megahit_79855_1780-2772	OTHER	0.007493	0.000625	0.001066	0.990816	
megahit_79855_2819-3130	SP(Sec/SPI)	0.990287	0.000221	0.005861	0.003632	CS pos: 23-24. SLA-QT. Pr: 0.9196
megahit_79855_3200-3856	SP(Sec/SPI)	0.992037	0.000965	0.004743	0.002255	CS pos: 29-30. TYA-AD. Pr: 0.9516
megahit_79855_3881-4564	OTHER	0.003819	0.006788	0.000644	0.988749	
megahit_79855_4601-5212	OTHER	0.007355	0.006305	0.000915	0.985425	
megahit_79856_179-1072	OTHER	0.007282	0.019790	0.001875	0.971053	
megahit_79856_1104-1322	OTHER	0.002192	0.001057	0.003552	0.993199	
megahit_79856_1780-2772	OTHER	0.007493	0.000625	0.001066	0.990816	
megahit_79856_2819-3130	SP(Sec/SPI)	0.990287	0.000221	0.005861	0.003632	CS pos: 23-24. SLA-QT. Pr: 0.9196
megahit_79856_3200-3856	SP(Sec/SPI)	0.992037	0.000965	0.004743	0.002255	CS pos: 29-30. TYA-AD. Pr: 0.9516
megahit_79856_3881-4564	OTHER	0.003819	0.006788	0.000644	0.988749	
megahit_79856_4601-5212	OTHER	0.007355	0.006305	0.000915	0.985425	
megahit_79964_3-407	OTHER	0.007600	0.000330	0.006906	0.985164	
megahit_79964_1140-1754	OTHER	0.001580	0.000438	0.001653	0.996328	
megahit_79964_1751-3541	OTHER	0.001514	0.000092	0.000257	0.998138	
megahit_79964_3630-4985	OTHER	0.001380	0.000130	0.004124	0.994366	
megahit_79967_3-407	OTHER	0.007600	0.000330	0.006906	0.985164	
megahit_79967_420-1085	OTHER	0.002034	0.000144	0.000382	0.997440	
megahit_79967_1140-1754	OTHER	0.001580	0.000438	0.001653	0.996328	
megahit_79967_1751-3541	OTHER	0.001514	0.000092	0.000257	0.998138	
megahit_80027_543-3023	LIPO(Sec/SPII)	0.000966	0.000069	0.998593	0.000372	CS pos: 16-17. LEA-CN. Pr: 0.9995
megahit_80027_5347-5616	OTHER	0.006188	0.001152	0.002067	0.990594	
megahit_80028_2-331	OTHER	0.069858	0.003406	0.018002	0.908734	
megahit_80034_2-301	OTHER	0.010233	0.007238	0.001659	0.980870	
megahit_80067_1787-3859	OTHER	0.002038	0.000507	0.000600	0.996855	
megahit_80075_1-546	OTHER	0.002371	0.000853	0.000596	0.996180	
megahit_80075_670-1176	OTHER	0.010720	0.001258	0.000974	0.987048	
megahit_80078_3-539	OTHER	0.005056	0.000863	0.002069	0.992012	
megahit_80155_2604-2966	OTHER	0.011802	0.008178	0.002936	0.977084	
megahit_80156_2596-2958	OTHER	0.011802	0.008178	0.002936	0.977084	
megahit_80156_2980-4062	OTHER	0.041871	0.001417	0.011013	0.945699	
megahit_80158_2981-4063	OTHER	0.041871	0.001417	0.011013	0.945699	
megahit_80159_2988-4070	OTHER	0.041871	0.001417	0.011013	0.945699	
megahit_80162_2987-4069	OTHER	0.041871	0.001417	0.011013	0.945699	
megahit_80215_2-415	LIPO(Sec/SPII)	0.001559	0.000054	0.998146	0.000240	CS pos: 16-17. MTS-CN. Pr: 0.9989
megahit_80249_59-1534	OTHER	0.005218	0.004612	0.000967	0.989203	
megahit_80250_59-1945	OTHER	0.005218	0.004612	0.000967	0.989203	
megahit_80250_1997-2404	OTHER	0.001746	0.000289	0.001222	0.996743	
megahit_80250_2397-3299	OTHER	0.074044	0.037477	0.009628	0.878852	
megahit_80277_2-310	OTHER	0.038747	0.007238	0.021211	0.932804	
megahit_80292_174-1229	OTHER	0.001433	0.001092	0.000191	0.997285	
megahit_80459_409-2172	OTHER	0.005457	0.001492	0.001253	0.991798	
megahit_80499_15-461	OTHER	0.012870	0.002084	0.000749	0.984297	
megahit_80532_35-814	OTHER	0.098199	0.000982	0.038900	0.861919	
megahit_80542_2-1153	OTHER	0.007980	0.000299	0.000515	0.991206	
megahit_80543_3-497	OTHER	0.048993	0.005254	0.004902	0.940851	
megahit_80543_494-1741	OTHER	0.006656	0.002460	0.001606	0.989278	
megahit_80544_494-1741	OTHER	0.006188	0.002703	0.001671	0.989439	
megahit_80545_494-1741	OTHER	0.005853	0.002361	0.001531	0.990254	
megahit_80546_494-1741	OTHER	0.006188	0.002703	0.001671	0.989439	
megahit_80620_197-550	OTHER	0.004370	0.004424	0.000682	0.990524	
megahit_80628_406-729	OTHER	0.083448	0.003142	0.015714	0.897697	
megahit_80651_130-441	OTHER	0.004686	0.004236	0.003474	0.987603	
megahit_80669_94-1023	OTHER	0.004747	0.001000	0.001256	0.992996	
megahit_80669_1153-2271	OTHER	0.008767	0.000133	0.004915	0.986185	
megahit_80669_2275-3522	SP(Sec/SPI)	0.537410	0.002212	0.030710	0.429668	CS pos: 16-17. TAA-HL. Pr: 0.2107
megahit_80670_94-1023	OTHER	0.004747	0.001000	0.001256	0.992996	
megahit_80671_94-1023	OTHER	0.004747	0.001000	0.001256	0.992996	
megahit_80672_94-987	OTHER	0.004747	0.001000	0.001256	0.992996	
megahit_80682_2-385	OTHER	0.004105	0.005835	0.000972	0.989089	
megahit_80694_1-1290	OTHER	0.010388	0.001048	0.001654	0.986910	
megahit_80696_1-1482	OTHER	0.017966	0.003547	0.003830	0.974658	
megahit_80704_462-1271	OTHER	0.003341	0.001199	0.000886	0.994574	
megahit_80704_1275-2297	OTHER	0.004231	0.012943	0.000415	0.982410	
megahit_80738_358-1533	OTHER	0.017997	0.001275	0.072411	0.908318	
megahit_80787_2-1162	OTHER	0.114053	0.002298	0.003487	0.880162	
megahit_80788_2-1249	OTHER	0.100262	0.037961	0.014451	0.847326	
megahit_80878_171-722	OTHER	0.009561	0.001897	0.003415	0.985128	
megahit_80878_743-937	OTHER	0.000881	0.000064	0.000402	0.998653	
megahit_80880_54-539	SP(Sec/SPI)	0.988156	0.000229	0.010189	0.001425	CS pos: 24-25. IYA-QD. Pr: 0.9701
megahit_80891_134-955	OTHER	0.002463	0.002500	0.000681	0.994356	
megahit_80915_38-916	SP(Sec/SPI)	0.638746	0.006843	0.065727	0.288684	CS pos: 27-28. AIA-LW. Pr: 0.4044
megahit_80922_162-440	OTHER	0.015121	0.005274	0.003717	0.975887	
megahit_80934_2-1021	SP(Sec/SPI)	0.950671	0.000991	0.016548	0.031789	CS pos: 22-23. VHG-ET. Pr: 0.8935
megahit_80934_1021-1755	SP(Sec/SPI)	0.554436	0.374733	0.005056	0.065775	CS pos: 45-46. AHA-AE. Pr: 0.8214
megahit_80944_145-1101	OTHER	0.051690	0.027370	0.013864	0.907075	
megahit_80945_2-817	OTHER	0.001368	0.001396	0.000202	0.997034	
megahit_80960_38-463	OTHER	0.009211	0.002121	0.001219	0.987449	
megahit_80972_59-283	OTHER	0.005804	0.001904	0.001503	0.990790	
megahit_81003_3-1040	OTHER	0.010967	0.002299	0.000968	0.985766	
megahit_81003_1049-1963	OTHER	0.286181	0.004891	0.239074	0.469854	
megahit_81011_2-1243	TAT(Tat/SPI)	0.047706	0.472015	0.014329	0.465950	CS pos: 37-38. NTA-LT. Pr: 0.0694
megahit_81022_161-529	OTHER	0.010343	0.028713	0.000721	0.960222	
megahit_81022_553-978	OTHER	0.065729	0.270530	0.013855	0.649886	
megahit_81037_600-1436	OTHER	0.004328	0.001117	0.001953	0.992602	
megahit_81085_102-1136	OTHER	0.006068	0.001032	0.002442	0.990458	
megahit_81086_102-677	OTHER	0.006068	0.001032	0.002442	0.990458	
megahit_81091_1-2694	SP(Sec/SPI)	0.835243	0.015079	0.067313	0.082365	CS pos: 29-30. AQG-ST. Pr: 0.5196
megahit_81147_25-624	SP(Sec/SPI)	0.997739	0.001446	0.000591	0.000224	CS pos: 24-25. AQA-DD. Pr: 0.9406
megahit_81202_2-400	OTHER	0.023489	0.000406	0.244715	0.731390	
megahit_81252_314-1381	OTHER	0.001197	0.000224	0.000185	0.998394	
megahit_81343_35-958	OTHER	0.012900	0.005105	0.001525	0.980470	
megahit_81344_3-380	TAT(Tat/SPI)	0.481502	0.514858	0.000902	0.002738	CS pos: 43-44. AQA-EL. Pr: 0.9524
megahit_81345_35-1033	SP(Sec/SPI)	0.996791	0.002085	0.000868	0.000256	CS pos: 26-27. AQA-EL. Pr: 0.9740
megahit_81390_1-360	OTHER	0.048506	0.002525	0.000943	0.948025	
megahit_81428_89-1276	SP(Sec/SPI)	0.998639	0.000210	0.000876	0.000275	CS pos: 24-25. AVA-DE. Pr: 0.9801
megahit_81435_30-1574	TAT(Tat/SPI)	0.002620	0.996480	0.000435	0.000465	CS pos: 28-29. ARA-EA. Pr: 0.5839
megahit_81472_2-1705	OTHER	0.001309	0.000292	0.003085	0.995315	
megahit_81486_1-318	OTHER	0.004764	0.001482	0.000400	0.993354	
megahit_81500_1-867	OTHER	0.000717	0.000220	0.000623	0.998440	
megahit_81502_3-1784	OTHER	0.121674	0.050459	0.034292	0.793575	
megahit_81510_2-526	SP(Sec/SPI)	0.890119	0.035859	0.034914	0.039108	CS pos: 19-20. ATG-AE. Pr: 0.4546
megahit_81576_3-326	OTHER	0.000890	0.000137	0.002929	0.996044	
megahit_81586_390-1586	OTHER	0.009754	0.001216	0.002553	0.986477	
megahit_81595_32-1597	OTHER	0.060556	0.001601	0.010795	0.927048	
megahit_81672_1-1221	OTHER	0.005764	0.000511	0.001629	0.992096	
megahit_81683_2012-2632	LIPO(Sec/SPII)	0.000880	0.000083	0.998405	0.000633	CS pos: 15-16. ILA-CS. Pr: 0.9988
megahit_81684_2342-2962	LIPO(Sec/SPII)	0.000880	0.000083	0.998405	0.000633	CS pos: 15-16. ILA-CS. Pr: 0.9988
megahit_81764_310-1128	OTHER	0.188632	0.036390	0.329597	0.445381	
megahit_81791_23-634	OTHER	0.005025	0.003280	0.000606	0.991089	
megahit_81836_3-1241	LIPO(Sec/SPII)	0.106152	0.056662	0.522771	0.314415	CS pos: 20-21. SLA-CL. Pr: 0.5180
megahit_81902_2-517	OTHER	0.016391	0.001029	0.005550	0.977030	
megahit_81985_1-1125	OTHER	0.066396	0.004454	0.005313	0.923837	
megahit_82001_2-748	OTHER	0.022011	0.002220	0.026534	0.949234	
megahit_82007_587-919	OTHER	0.017802	0.017213	0.001277	0.963708	
megahit_82082_3-131	OTHER	0.025297	0.004772	0.010691	0.959240	
megahit_82082_139-1062	SP(Sec/SPI)	0.836012	0.000144	0.157119	0.006725	CS pos: 18-19. ASA-QI. Pr: 0.8075
megahit_82083_3-131	OTHER	0.025297	0.004772	0.010691	0.959240	
megahit_82104_212-1201	OTHER	0.003181	0.001258	0.000858	0.994703	
megahit_82131_36-590	OTHER	0.044073	0.045779	0.002005	0.908143	
megahit_82154_3-581	SP(Sec/SPI)	0.877786	0.072029	0.011818	0.038367	CS pos: 27-28. VVA-AD. Pr: 0.6083
megahit_82274_2-286	OTHER	0.008688	0.002979	0.003786	0.984547	
megahit_82303_83-874	OTHER	0.002619	0.001211	0.000644	0.995527	
megahit_82304_83-874	OTHER	0.002619	0.001211	0.000644	0.995527	
megahit_82412_1118-1393	OTHER	0.007004	0.003903	0.000717	0.988376	
megahit_82451_3-1019	OTHER	0.019668	0.005688	0.006285	0.968359	
megahit_82451_1009-2394	OTHER	0.014895	0.016246	0.021320	0.947540	
megahit_82452_3-869	OTHER	0.003416	0.000547	0.000263	0.995774	
megahit_82453_176-1561	OTHER	0.014895	0.016246	0.021320	0.947540	
megahit_82518_2-448	SP(Sec/SPI)	0.792235	0.174266	0.025429	0.008070	CS pos: 31-32. VFA-AT. Pr: 0.8921
megahit_82528_3-989	OTHER	0.003391	0.001266	0.000593	0.994750	
megahit_82572_1329-2942	OTHER	0.004403	0.001524	0.000455	0.993618	
megahit_82574_69-725	OTHER	0.009266	0.003720	0.001541	0.985473	
megahit_82671_3-719	OTHER	0.128267	0.001105	0.004693	0.865936	
megahit_82671_725-1489	LIPO(Sec/SPII)	0.005642	0.000098	0.993772	0.000487	CS pos: 21-22. VSA-CG. Pr: 0.9964
megahit_82710_19-3375	OTHER	0.010860	0.002061	0.000546	0.986533	
megahit_82711_19-1371	OTHER	0.010860	0.002061	0.000546	0.986533	
megahit_82714_3-434	OTHER	0.009316	0.004623	0.002211	0.983850	
megahit_82719_2-613	OTHER	0.012597	0.014490	0.000341	0.972571	
megahit_82783_314-1708	OTHER	0.025884	0.014831	0.003794	0.955491	
megahit_82863_19-1326	SP(Sec/SPI)	0.764091	0.005281	0.221368	0.009260	CS pos: 31-32. AQA-DE. Pr: 0.7453
megahit_82893_29-634	SP(Sec/SPI)	0.995452	0.000324	0.002593	0.001632	CS pos: 20-21. ANA-SY. Pr: 0.9736
megahit_82894_580-1500	OTHER	0.018430	0.006201	0.001272	0.974096	
megahit_82916_2-343	LIPO(Sec/SPII)	0.008491	0.000084	0.991021	0.000404	CS pos: 15-16. LLA-CN. Pr: 0.9917
megahit_82938_317-637	OTHER	0.005456	0.003951	0.000657	0.989936	
megahit_83017_1-933	OTHER	0.004231	0.000582	0.000433	0.994753	
megahit_83136_1-438	OTHER	0.004070	0.002144	0.000862	0.992924	
megahit_83139_4311-4655	OTHER	0.030988	0.004617	0.003980	0.960416	
megahit_83149_1-240	OTHER	0.004314	0.001947	0.000730	0.993010	
megahit_83163_2-499	OTHER	0.033448	0.005933	0.005090	0.955528	
megahit_83163_499-894	OTHER	0.022589	0.002119	0.002256	0.973036	
megahit_83217_209-601	OTHER	0.003396	0.002615	0.000620	0.993368	
megahit_83235_151-2091	SP(Sec/SPI)	0.978364	0.002556	0.015247	0.003833	CS pos: 26-27. ALS-QS. Pr: 0.6092
megahit_83235_2112-2693	SP(Sec/SPI)	0.996157	0.003019	0.000521	0.000303	CS pos: 25-26. AQA-AN. Pr: 0.9931
megahit_83236_151-948	SP(Sec/SPI)	0.978364	0.002556	0.015247	0.003833	CS pos: 26-27. ALS-QS. Pr: 0.6092
megahit_83237_3-1121	OTHER	0.009595	0.001499	0.002308	0.986597	
megahit_83237_1142-1723	SP(Sec/SPI)	0.996157	0.003019	0.000521	0.000303	CS pos: 25-26. AQA-AN. Pr: 0.9931
megahit_83238_151-2091	SP(Sec/SPI)	0.978364	0.002556	0.015247	0.003833	CS pos: 26-27. ALS-QS. Pr: 0.6092
megahit_83239_151-2091	SP(Sec/SPI)	0.978364	0.002556	0.015247	0.003833	CS pos: 26-27. ALS-QS. Pr: 0.6092
megahit_83251_1365-2870	OTHER	0.017344	0.001240	0.004668	0.976748	
megahit_83251_2886-3386	OTHER	0.003327	0.000229	0.000700	0.995744	
megahit_83305_3-362	OTHER	0.003631	0.001016	0.000644	0.994709	
megahit_83375_2-733	SP(Sec/SPI)	0.988230	0.003067	0.007456	0.001246	CS pos: 24-25. ATA-QP. Pr: 0.8800
megahit_83375_878-2065	OTHER	0.019088	0.021350	0.004398	0.955163	
megahit_83375_2432-3289	OTHER	0.029272	0.004057	0.005371	0.961300	
megahit_83375_3310-4197	OTHER	0.005524	0.001021	0.000544	0.992911	
megahit_83376_171-1058	OTHER	0.005524	0.001021	0.000544	0.992911	
megahit_83377_234-1121	OTHER	0.005524	0.001021	0.000544	0.992911	
megahit_83436_30-464	OTHER	0.443197	0.054519	0.029457	0.472827	
megahit_83525_2-442	OTHER	0.034151	0.000794	0.038292	0.926763	
megahit_83525_454-1008	OTHER	0.007484	0.050258	0.001177	0.941081	
megahit_83532_2-634	OTHER	0.020119	0.170600	0.000522	0.808760	
megahit_83536_218-847	OTHER	0.067466	0.021325	0.017295	0.893914	
megahit_83564_2-448	OTHER	0.010593	0.002220	0.000783	0.986404	
megahit_83677_1875-2729	OTHER	0.002271	0.000553	0.000486	0.996689	
megahit_83694_990-1325	OTHER	0.003258	0.000300	0.000331	0.996111	
megahit_83729_1-864	OTHER	0.200374	0.076139	0.048050	0.675437	
megahit_83740_2-280	LIPO(Sec/SPII)	0.001960	0.000110	0.997425	0.000505	CS pos: 18-19. STA-CS. Pr: 0.9985
megahit_83755_1493-2950	OTHER	0.040753	0.016304	0.002529	0.940414	
megahit_83756_72-779	OTHER	0.018733	0.009135	0.005578	0.966553	
megahit_83756_5388-6845	OTHER	0.040753	0.016304	0.002529	0.940414	
megahit_83756_7439-8149	SP(Sec/SPI)	0.518843	0.000524	0.126634	0.353999	CS pos: 31-32. NYA-QK. Pr: 0.4017
megahit_83757_5320-6777	OTHER	0.040753	0.016304	0.002529	0.940414	
megahit_83758_5388-6845	OTHER	0.040753	0.016304	0.002529	0.940414	
megahit_83794_146-514	OTHER	0.022959	0.062651	0.005109	0.909281	
megahit_83800_267-1457	OTHER	0.043018	0.021287	0.004015	0.931681	
megahit_83801_1-1131	OTHER	0.043018	0.021287	0.004015	0.931681	
megahit_83802_252-1442	OTHER	0.043018	0.021287	0.004015	0.931681	
megahit_83834_2-292	OTHER	0.005865	0.000893	0.002242	0.990999	
megahit_83937_1-1206	OTHER	0.386241	0.002441	0.010905	0.600413	
megahit_83945_2-397	OTHER	0.009344	0.013109	0.000721	0.976827	
megahit_84022_524-964	OTHER	0.000989	0.000588	0.000136	0.998286	
megahit_84024_160-1152	OTHER	0.019131	0.005157	0.004154	0.971558	
megahit_84025_1-1116	OTHER	0.013951	0.024750	0.006131	0.955169	
megahit_84025_1134-2057	OTHER	0.023311	0.002485	0.009037	0.965168	
megahit_84025_2161-3153	OTHER	0.019131	0.005157	0.004154	0.971558	
megahit_84096_1-978	OTHER	0.123740	0.041660	0.014668	0.819932	
megahit_84096_969-2090	OTHER	0.054338	0.002905	0.007151	0.935606	
megahit_84142_2-928	OTHER	0.363149	0.108239	0.016999	0.511612	
megahit_84143_2-901	OTHER	0.308739	0.213877	0.022456	0.454927	
megahit_84218_99-458	OTHER	0.008969	0.000798	0.001258	0.988975	
megahit_84218_508-783	OTHER	0.002598	0.001496	0.000561	0.995345	
megahit_84242_3-326	OTHER	0.011221	0.005282	0.001359	0.982138	
megahit_84379_204-1370	OTHER	0.002660	0.000517	0.000749	0.996073	
megahit_84383_258-632	OTHER	0.015732	0.001782	0.001509	0.980976	
megahit_84407_52-648	OTHER	0.026729	0.088083	0.001075	0.884113	
megahit_84408_84-1127	OTHER	0.021355	0.063228	0.000790	0.914628	
megahit_84409_2-535	OTHER	0.009343	0.001956	0.000848	0.987853	
megahit_84410_52-1095	OTHER	0.027172	0.087854	0.001082	0.883891	
megahit_84423_861-2108	OTHER	0.007609	0.001889	0.001556	0.988946	
megahit_84461_1927-3318	OTHER	0.078193	0.000910	0.008048	0.912849	
megahit_84462_457-1356	OTHER	0.003804	0.000710	0.000530	0.994957	
megahit_84462_1744-3708	OTHER	0.078193	0.000910	0.008048	0.912849	
megahit_84463_457-1356	OTHER	0.003804	0.000710	0.000530	0.994957	
megahit_84463_1743-3707	OTHER	0.078193	0.000910	0.008048	0.912849	
megahit_84464_457-1356	OTHER	0.003804	0.000710	0.000530	0.994957	
megahit_84464_1743-3707	OTHER	0.078193	0.000910	0.008048	0.912849	
megahit_84468_1958-2872	OTHER	0.008794	0.004825	0.003654	0.982726	
megahit_84469_3-827	OTHER	0.047074	0.001063	0.001046	0.950817	
megahit_84621_3-227	OTHER	0.022011	0.004930	0.005685	0.967373	
megahit_84621_240-332	OTHER	0.051459	0.035813	0.020673	0.892056	
megahit_84631_276-530	OTHER	0.015620	0.045664	0.003786	0.934929	
megahit_84672_35-643	OTHER	0.024459	0.001865	0.002932	0.970744	
megahit_84903_2-676	SP(Sec/SPI)	0.877591	0.001290	0.097655	0.023464	CS pos: 25-26. GFG-QE. Pr: 0.5907
megahit_84905_2-676	SP(Sec/SPI)	0.877591	0.001290	0.097655	0.023464	CS pos: 25-26. GFG-QE. Pr: 0.5907
megahit_84951_1-1296	OTHER	0.022080	0.005412	0.003304	0.969204	
megahit_85044_3-272	OTHER	0.043755	0.002169	0.005716	0.948360	
megahit_85044_282-914	OTHER	0.111997	0.002091	0.039234	0.846678	
megahit_85044_907-1317	OTHER	0.002766	0.000469	0.000632	0.996133	
megahit_85044_1326-8675	SP(Sec/SPI)	0.939680	0.000628	0.044281	0.015411	CS pos: 21-22. AIA-TP. Pr: 0.8238
megahit_85044_8672-16276	SP(Sec/SPI)	0.924393	0.014735	0.023322	0.037549	CS pos: 32-33. ALA-DS. Pr: 0.8901
megahit_85044_16273-18591	SP(Sec/SPI)	0.989793	0.007470	0.002016	0.000721	CS pos: 34-35. ALA-QN. Pr: 0.9761
megahit_85044_18623-20353	SP(Sec/SPI)	0.961465	0.003458	0.005689	0.029388	CS pos: 27-28. AAG-EE. Pr: 0.7056
megahit_85045_42-1655	OTHER	0.014061	0.018164	0.001530	0.966246	
megahit_85045_2208-2639	OTHER	0.009141	0.017483	0.008533	0.964843	
megahit_85045_2639-3058	OTHER	0.043755	0.002169	0.005716	0.948360	
megahit_85045_3068-3700	OTHER	0.111997	0.002091	0.039234	0.846678	
megahit_85045_3693-4103	OTHER	0.002766	0.000469	0.000632	0.996133	
megahit_85045_4112-9730	OTHER	0.022994	0.001610	0.004512	0.970884	
megahit_85046_1-2034	SP(Sec/SPI)	0.924393	0.014735	0.023322	0.037549	CS pos: 32-33. ALA-DS. Pr: 0.8901
megahit_85046_2031-4349	SP(Sec/SPI)	0.989793	0.007470	0.002016	0.000721	CS pos: 34-35. ALA-QN. Pr: 0.9761
megahit_85046_4381-6111	SP(Sec/SPI)	0.961465	0.003458	0.005689	0.029388	CS pos: 27-28. AAG-EE. Pr: 0.7056
megahit_85047_110-385	OTHER	0.043755	0.002169	0.005716	0.948360	
megahit_85047_395-1027	OTHER	0.111997	0.002091	0.039234	0.846678	
megahit_85047_1020-1430	OTHER	0.002766	0.000469	0.000632	0.996133	
megahit_85047_1439-7057	OTHER	0.022994	0.001610	0.004512	0.970884	
megahit_85048_2-1135	SP(Sec/SPI)	0.939680	0.000628	0.044281	0.015411	CS pos: 21-22. AIA-TP. Pr: 0.8238
megahit_85048_1132-8736	SP(Sec/SPI)	0.924393	0.014735	0.023322	0.037549	CS pos: 32-33. ALA-DS. Pr: 0.8901
megahit_85048_8733-11051	SP(Sec/SPI)	0.989793	0.007470	0.002016	0.000721	CS pos: 34-35. ALA-QN. Pr: 0.9761
megahit_85048_11083-12813	SP(Sec/SPI)	0.961465	0.003458	0.005689	0.029388	CS pos: 27-28. AAG-EE. Pr: 0.7056
megahit_85098_791-2350	OTHER	0.024168	0.001439	0.008030	0.966363	
megahit_85098_5066-8476	OTHER	0.005346	0.000663	0.000333	0.993657	
megahit_85099_791-2350	OTHER	0.024168	0.001439	0.008030	0.966363	
megahit_85099_5066-8476	OTHER	0.005346	0.000663	0.000333	0.993657	
megahit_85100_2-760	OTHER	0.015638	0.003136	0.001060	0.980166	
megahit_85100_791-2350	OTHER	0.024168	0.001439	0.008030	0.966363	
megahit_85100_3569-5059	LIPO(Sec/SPII)	0.012524	0.000073	0.987110	0.000292	CS pos: 18-19. ASA-CQ. Pr: 0.9938
megahit_85100_5066-6646	OTHER	0.005346	0.000663	0.000333	0.993657	
megahit_85116_1020-1631	SP(Sec/SPI)	0.901858	0.001077	0.089532	0.007533	CS pos: 21-22. ISA-QN. Pr: 0.8472
megahit_85233_1-315	LIPO(Sec/SPII)	0.000558	0.000038	0.999280	0.000123	CS pos: 17-18. LAA-CG. Pr: 0.9997
megahit_85265_457-2607	OTHER	0.002565	0.000283	0.000287	0.996865	
megahit_85266_457-2607	OTHER	0.002565	0.000283	0.000287	0.996865	
megahit_85317_1-945	OTHER	0.240665	0.112165	0.009282	0.637889	
megahit_85317_1069-2148	SP(Sec/SPI)	0.469104	0.000781	0.314549	0.215566	CS pos: 19-20. SVS-QN. Pr: 0.2530
megahit_85333_23-586	OTHER	0.001092	0.000210	0.000288	0.998409	
megahit_85334_2-925	OTHER	0.006698	0.000422	0.002119	0.990761	
megahit_85334_927-1379	OTHER	0.002820	0.000704	0.000610	0.995866	
megahit_85334_1586-3589	OTHER	0.024089	0.000465	0.056000	0.919446	
megahit_85335_2-925	OTHER	0.006698	0.000422	0.002119	0.990761	
megahit_85335_927-1379	OTHER	0.002820	0.000704	0.000610	0.995866	
megahit_85335_1586-3019	OTHER	0.011847	0.011345	0.002741	0.974067	
megahit_85336_2-925	OTHER	0.006698	0.000422	0.002119	0.990761	
megahit_85341_1071-2294	OTHER	0.098502	0.002300	0.005343	0.893855	
megahit_85342_1071-2294	OTHER	0.098502	0.002300	0.005343	0.893855	
megahit_85358_3-410	OTHER	0.006265	0.004207	0.001396	0.988131	
megahit_85387_419-1249	OTHER	0.148939	0.218610	0.002617	0.629834	
megahit_85387_3090-3806	OTHER	0.355739	0.064124	0.056537	0.523599	
megahit_85388_2822-3538	OTHER	0.355739	0.064124	0.056537	0.523599	
megahit_85389_419-1249	OTHER	0.148939	0.218610	0.002617	0.629834	
megahit_85389_3090-3806	OTHER	0.355739	0.064124	0.056537	0.523599	
megahit_85390_151-981	OTHER	0.148939	0.218610	0.002617	0.629834	
megahit_85390_2822-3538	OTHER	0.355739	0.064124	0.056537	0.523599	
megahit_85392_3-635	OTHER	0.005911	0.000338	0.003635	0.990116	
megahit_85434_1-492	OTHER	0.091696	0.022018	0.003436	0.882850	
megahit_85452_94-432	OTHER	0.001917	0.003658	0.000329	0.994096	
megahit_85452_453-3116	OTHER	0.004112	0.003121	0.000316	0.992450	
megahit_85453_1-2580	OTHER	0.004112	0.003121	0.000316	0.992450	
megahit_85480_2-445	LIPO(Sec/SPII)	0.061162	0.016158	0.777020	0.145660	CS pos: 17-18. GQG-CS. Pr: 0.7768
megahit_85481_2-730	LIPO(Sec/SPII)	0.061162	0.016158	0.777020	0.145660	CS pos: 17-18. GQG-CS. Pr: 0.7768
megahit_85538_403-1851	OTHER	0.064485	0.075108	0.009838	0.850569	
megahit_85601_142-1083	OTHER	0.000797	0.000100	0.000415	0.998688	
megahit_85602_120-1061	OTHER	0.000797	0.000100	0.000415	0.998688	
megahit_85692_1545-2042	SP(Sec/SPI)	0.946493	0.002742	0.008196	0.042569	CS pos: 29-30. SNA-QH. Pr: 0.9034
megahit_85693_19-183	OTHER	0.003843	0.002020	0.002919	0.991218	
megahit_85698_1069-1455	OTHER	0.013598	0.001364	0.004148	0.980890	
megahit_85728_1-732	OTHER	0.007848	0.005229	0.001288	0.985635	
megahit_85731_75-974	SP(Sec/SPI)	0.922923	0.000662	0.050823	0.025592	CS pos: 23-24. AFG-EA. Pr: 0.3948
megahit_85738_74-1579	OTHER	0.018154	0.000730	0.059434	0.921682	
megahit_85774_2-469	OTHER	0.051596	0.005128	0.001592	0.941685	
megahit_85822_3-1526	OTHER	0.008501	0.000121	0.010755	0.980624	
megahit_85827_2-493	OTHER	0.001856	0.000443	0.000258	0.997443	
megahit_85882_2-853	SP(Sec/SPI)	0.994062	0.001684	0.003848	0.000406	CS pos: 28-29. AQA-AD. Pr: 0.9545
megahit_85952_2-628	OTHER	0.117897	0.411551	0.002296	0.468256	
megahit_85953_2-628	OTHER	0.117897	0.411551	0.002296	0.468256	
megahit_85959_90-2153	SP(Sec/SPI)	0.982739	0.013431	0.002206	0.001623	CS pos: 24-25. AYA-HG. Pr: 0.9457
megahit_85984_9-443	TAT(Tat/SPI)	0.002879	0.766261	0.001082	0.229777	CS pos: 44-45. VRA-GI. Pr: 0.3489
megahit_86051_3-350	OTHER	0.012120	0.001809	0.002652	0.983419	
megahit_86069_3024-3287	OTHER	0.017218	0.001376	0.001680	0.979725	
megahit_86190_3-320	OTHER	0.007630	0.001383	0.001255	0.989732	
megahit_86199_1-468	OTHER	0.004471	0.000913	0.001793	0.992824	
megahit_86225_1-696	OTHER	0.002410	0.000392	0.000450	0.996748	
megahit_86264_2-1387	OTHER	0.002958	0.000279	0.000420	0.996342	
megahit_86305_106-1359	OTHER	0.013157	0.001750	0.001730	0.983364	
megahit_86306_106-1359	OTHER	0.017554	0.002187	0.002171	0.978088	
megahit_86343_1822-2175	OTHER	0.004841	0.000576	0.000602	0.993981	
megahit_86348_3-896	OTHER	0.012705	0.003384	0.000523	0.983388	
megahit_86349_1-1143	OTHER	0.021770	0.007349	0.000861	0.970021	
megahit_86359_286-2850	OTHER	0.025038	0.000989	0.005180	0.968794	
megahit_86360_286-2850	OTHER	0.025038	0.000989	0.005180	0.968794	
megahit_86382_3-575	OTHER	0.024921	0.001677	0.001566	0.971837	
megahit_86387_1561-2592	OTHER	0.007859	0.002638	0.000988	0.988515	
megahit_86393_2-349	OTHER	0.279023	0.009041	0.042549	0.669388	
megahit_86432_125-778	OTHER	0.002591	0.000601	0.000778	0.996031	
megahit_86521_3-872	OTHER	0.052999	0.001747	0.003317	0.941938	
megahit_86522_3-803	OTHER	0.052999	0.001747	0.003317	0.941938	
megahit_86541_204-425	OTHER	0.122348	0.001065	0.032575	0.844013	
megahit_86541_401-1726	OTHER	0.056642	0.015808	0.007072	0.920479	
megahit_86919_16-771	OTHER	0.007041	0.001927	0.001020	0.990013	
megahit_86939_3-1334	OTHER	0.135861	0.009802	0.018138	0.836199	
megahit_86967_3-512	OTHER	0.011323	0.018701	0.003552	0.966424	
megahit_86973_209-796	OTHER	0.008524	0.001597	0.002280	0.987599	
megahit_86973_796-1647	OTHER	0.005942	0.001603	0.012849	0.979606	
megahit_87020_1-894	OTHER	0.022473	0.002346	0.002620	0.972561	
megahit_87050_350-1087	OTHER	0.033609	0.038472	0.011088	0.916831	
megahit_87099_1-540	OTHER	0.022727	0.008123	0.004494	0.964655	
megahit_87104_1-1038	OTHER	0.377295	0.003142	0.022130	0.597433	
megahit_87142_1301-2728	OTHER	0.006589	0.000769	0.000881	0.991761	
megahit_87142_2785-3039	OTHER	0.012178	0.002705	0.002831	0.982287	
megahit_87146_32-481	OTHER	0.001749	0.000842	0.000331	0.997077	
megahit_87157_2704-3414	OTHER	0.040501	0.065029	0.003740	0.890729	
megahit_87157_6061-6813	OTHER	0.088841	0.010712	0.006251	0.894197	
megahit_87157_6876-7484	OTHER	0.288235	0.000376	0.055010	0.656380	
megahit_87157_7485-7922	OTHER	0.002081	0.000654	0.000329	0.996935	
megahit_87157_8507-9499	OTHER	0.232010	0.100830	0.007107	0.660053	
megahit_87158_94-1908	OTHER	0.001225	0.001848	0.000141	0.996786	
megahit_87158_6876-7484	OTHER	0.288235	0.000376	0.055010	0.656380	
megahit_87159_6876-7484	OTHER	0.288235	0.000376	0.055010	0.656380	
megahit_87159_7485-7922	OTHER	0.002081	0.000654	0.000329	0.996935	
megahit_87160_94-1908	OTHER	0.001225	0.001848	0.000141	0.996786	
megahit_87160_1908-2681	OTHER	0.048917	0.048317	0.002520	0.900246	
megahit_87160_2704-3414	OTHER	0.040501	0.065029	0.003740	0.890729	
megahit_87161_94-1908	OTHER	0.001225	0.001848	0.000141	0.996786	
megahit_87161_1908-2681	OTHER	0.049043	0.050698	0.002555	0.897705	
megahit_87161_6876-7484	OTHER	0.288235	0.000376	0.055010	0.656380	
megahit_87161_7485-7922	OTHER	0.002081	0.000654	0.000329	0.996935	
megahit_87161_8507-9499	OTHER	0.232010	0.100830	0.007107	0.660053	
megahit_87169_289-471	OTHER	0.019861	0.003331	0.009190	0.967619	
megahit_87188_48-2150	OTHER	0.004693	0.011138	0.000362	0.983807	
megahit_87189_48-1634	OTHER	0.004693	0.011138	0.000362	0.983807	
megahit_87190_3-1196	OTHER	0.005243	0.035198	0.000679	0.958881	
megahit_87191_48-2150	OTHER	0.004693	0.011138	0.000362	0.983807	
megahit_87192_3-251	OTHER	0.008278	0.007426	0.002616	0.981680	
megahit_87192_275-535	OTHER	0.012333	0.006366	0.003228	0.978072	
megahit_87193_2-1204	OTHER	0.008278	0.007426	0.002616	0.981680	
megahit_87193_1228-1488	OTHER	0.012333	0.006366	0.003228	0.978072	
megahit_87201_305-667	LIPO(Sec/SPII)	0.034058	0.000294	0.964342	0.001306	CS pos: 19-20. LTA-CA. Pr: 0.9645
megahit_87202_305-667	LIPO(Sec/SPII)	0.041034	0.000340	0.956786	0.001840	CS pos: 19-20. LTA-CA. Pr: 0.9567
megahit_87280_1-1269	OTHER	0.004048	0.000197	0.008956	0.986800	
megahit_87280_3004-4044	OTHER	0.011676	0.010472	0.001965	0.975887	
megahit_87281_1700-4162	OTHER	0.003317	0.000164	0.011893	0.984627	
megahit_87285_1-492	OTHER	0.004666	0.002406	0.000299	0.992629	
megahit_87291_572-853	OTHER	0.001603	0.000869	0.000579	0.996949	
megahit_87293_2-319	OTHER	0.018201	0.024879	0.003474	0.953446	
megahit_87361_1-360	OTHER	0.003970	0.004284	0.001354	0.990392	
megahit_87364_149-1465	OTHER	0.005419	0.006322	0.001345	0.986914	
megahit_87364_1505-2122	OTHER	0.007318	0.001687	0.000621	0.990374	
megahit_87365_149-1465	OTHER	0.005419	0.006322	0.001345	0.986914	
megahit_87365_1505-2122	OTHER	0.007318	0.001687	0.000621	0.990374	
megahit_87366_149-991	OTHER	0.005419	0.006322	0.001345	0.986914	
megahit_87372_71-1000	OTHER	0.001779	0.007312	0.000784	0.990126	
megahit_87396_2-598	OTHER	0.007401	0.023798	0.000734	0.968066	
megahit_87420_3026-3379	OTHER	0.003507	0.001952	0.000330	0.994211	
megahit_87421_2977-3756	OTHER	0.003507	0.001952	0.000330	0.994211	
megahit_87450_394-2151	OTHER	0.004181	0.034872	0.001791	0.959156	
megahit_87453_394-2151	OTHER	0.004181	0.034872	0.001791	0.959156	
megahit_87487_489-1697	OTHER	0.060549	0.017173	0.011006	0.911272	
megahit_87488_489-1697	OTHER	0.060549	0.017173	0.011006	0.911272	
megahit_87488_1701-2033	OTHER	0.003069	0.000817	0.001492	0.994622	
megahit_87488_2046-2855	LIPO(Sec/SPII)	0.006238	0.000068	0.993454	0.000240	CS pos: 19-20. LVS-CN. Pr: 0.9946
megahit_87520_2-1273	OTHER	0.058611	0.001073	0.008206	0.932111	
megahit_87529_15-1088	OTHER	0.050563	0.031257	0.003995	0.914184	
megahit_87530_15-1088	OTHER	0.050563	0.031257	0.003995	0.914184	
megahit_87531_2-280	OTHER	0.005015	0.001254	0.000620	0.993111	
megahit_87550_109-348	OTHER	0.010762	0.006423	0.001058	0.981757	
megahit_87567_1-303	OTHER	0.028175	0.009071	0.009451	0.953303	
megahit_87574_757-1311	OTHER	0.006870	0.011165	0.001825	0.980141	
megahit_87591_43-1572	OTHER	0.038416	0.000442	0.017204	0.943938	
megahit_87592_43-2172	OTHER	0.038416	0.000442	0.017204	0.943938	
megahit_87593_43-1815	OTHER	0.038416	0.000442	0.017204	0.943938	
megahit_87657_3-551	OTHER	0.082875	0.059927	0.015843	0.841355	
megahit_87663_60-1352	OTHER	0.008015	0.002673	0.001395	0.987916	
megahit_87673_2-430	OTHER	0.160277	0.001825	0.002948	0.834951	
megahit_87673_465-1145	OTHER	0.009559	0.002551	0.001675	0.986215	
megahit_87722_96-299	OTHER	0.051275	0.001918	0.026628	0.920178	
megahit_87744_552-2087	SP(Sec/SPI)	0.992160	0.000943	0.004812	0.002086	CS pos: 22-23. AIA-QT. Pr: 0.9256
megahit_87792_340-786	OTHER	0.018289	0.000908	0.004097	0.976706	
megahit_87810_125-616	OTHER	0.477183	0.006605	0.017397	0.498815	
megahit_87812_326-808	SP(Sec/SPI)	0.791584	0.009845	0.017765	0.180807	CS pos: 35-36. TSA-QT. Pr: 0.7354
megahit_87819_2-256	OTHER	0.005081	0.004412	0.000686	0.989822	
megahit_87910_404-982	OTHER	0.010491	0.001289	0.001481	0.986738	
megahit_87912_2-634	OTHER	0.085492	0.000859	0.006849	0.906801	
megahit_87912_652-1230	OTHER	0.010491	0.001289	0.001481	0.986738	
megahit_87979_57-809	OTHER	0.002819	0.014564	0.000286	0.982331	
megahit_87982_203-382	OTHER	0.013469	0.001785	0.002853	0.981893	
megahit_87986_2-904	OTHER	0.016133	0.005140	0.005143	0.973584	
megahit_88000_557-1057	OTHER	0.013839	0.001133	0.001054	0.983974	
megahit_88012_3-956	OTHER	0.026350	0.000929	0.003791	0.968931	
megahit_88231_161-379	OTHER	0.007989	0.004259	0.001281	0.986472	
megahit_88265_1-1050	OTHER	0.056277	0.042852	0.007024	0.893847	
megahit_88356_41-805	OTHER	0.285865	0.026666	0.006569	0.680900	
megahit_88364_33-1640	OTHER	0.011262	0.001793	0.001964	0.984982	
megahit_88365_65-1822	OTHER	0.030057	0.006417	0.003122	0.960405	
megahit_88366_1-1074	OTHER	0.030057	0.006417	0.003122	0.960405	
megahit_88367_113-1678	OTHER	0.005355	0.001737	0.001287	0.991620	
megahit_88368_146-3268	OTHER	0.013690	0.003432	0.004721	0.978157	
megahit_88369_113-3919	OTHER	0.030057	0.006417	0.003122	0.960405	
megahit_88370_1-342	OTHER	0.012120	0.003178	0.003937	0.980765	
megahit_88373_522-785	OTHER	0.001746	0.001375	0.000214	0.996665	
megahit_88396_1-465	TAT(Tat/SPI)	0.060087	0.691632	0.018568	0.229712	CS pos: 32-33. AAA-DS. Pr: 0.4986
megahit_88396_466-657	OTHER	0.016792	0.009939	0.006492	0.966777	
megahit_88458_578-1069	OTHER	0.000381	0.000078	0.001688	0.997853	
megahit_88458_1628-2356	OTHER	0.023650	0.002448	0.007893	0.966009	
megahit_88460_260-703	OTHER	0.021170	0.050869	0.005822	0.922139	
megahit_88495_73-321	OTHER	0.001527	0.001701	0.000166	0.996607	
megahit_88516_1-747	OTHER	0.028384	0.002303	0.005483	0.963829	
megahit_88524_6-1289	OTHER	0.023002	0.032488	0.002631	0.941879	
megahit_88525_499-1764	OTHER	0.023002	0.032488	0.002631	0.941879	
megahit_88626_2-961	OTHER	0.003025	0.001129	0.000344	0.995502	
megahit_88633_3-1109	OTHER	0.004194	0.002026	0.000873	0.992907	
megahit_88642_2-880	SP(Sec/SPI)	0.988163	0.004936	0.006302	0.000599	CS pos: 25-26. ATA-QQ. Pr: 0.9441
megahit_88644_3-410	OTHER	0.009832	0.002744	0.002645	0.984779	
megahit_88659_3-1142	SP(Sec/SPI)	0.937287	0.015938	0.034084	0.012691	CS pos: 34-35. AFS-QQ. Pr: 0.7733
megahit_88663_26-1432	OTHER	0.023396	0.007414	0.011017	0.958173	
megahit_88712_3-1037	OTHER	0.022280	0.011318	0.001499	0.964904	
megahit_88722_202-921	SP(Sec/SPI)	0.939052	0.001114	0.055925	0.003910	CS pos: 28-29. ANA-CK. Pr: 0.5447
