# SignalP-5.0	Organism: Gram-negative	Timestamp: 20230503165355
# ID	Prediction	SP(Sec/SPI)	TAT(Tat/SPI)	LIPO(Sec/SPII)	OTHER	CS Position
megahit_163661_73-2289	OTHER	0.011729	0.001512	0.002725	0.984034	
megahit_163666_960-1901	OTHER	0.004441	0.003287	0.000318	0.991954	
megahit_163704_2-460	OTHER	0.000752	0.000247	0.001669	0.997332	
megahit_163726_1-846	OTHER	0.008178	0.003649	0.001570	0.986603	
megahit_163727_17-520	OTHER	0.009354	0.333116	0.000457	0.657073	
megahit_163728_2-199	OTHER	0.003950	0.001827	0.000573	0.993649	
megahit_163728_192-353	OTHER	0.005551	0.002390	0.001789	0.990269	
megahit_163730_3-314	OTHER	0.320474	0.009238	0.095014	0.575273	
megahit_163749_30-266	OTHER	0.080737	0.063932	0.012899	0.842432	
megahit_163756_3-248	OTHER	0.020344	0.010328	0.002841	0.966487	
megahit_163757_3-248	OTHER	0.024196	0.008712	0.002573	0.964519	
megahit_163758_3-248	OTHER	0.019790	0.011276	0.002813	0.966120	
megahit_163760_18-725	OTHER	0.002090	0.000540	0.000249	0.997121	
megahit_163760_880-2526	OTHER	0.111535	0.003440	0.047742	0.837283	
megahit_163762_22-729	OTHER	0.002090	0.000540	0.000249	0.997121	
megahit_163763_39-746	OTHER	0.002090	0.000540	0.000249	0.997121	
megahit_163763_901-2547	OTHER	0.111535	0.003440	0.047742	0.837283	
megahit_163766_1-663	OTHER	0.003655	0.006228	0.000556	0.989561	
megahit_163769_3210-4253	OTHER	0.010609	0.019077	0.002861	0.967453	
megahit_163799_384-1229	OTHER	0.012286	0.002372	0.004479	0.980862	
megahit_163800_649-1494	OTHER	0.012286	0.002372	0.004479	0.980862	
megahit_163804_1-216	OTHER	0.016389	0.012010	0.001856	0.969744	
megahit_163808_765-998	OTHER	0.044859	0.223208	0.000875	0.731058	
megahit_163809_1054-1287	OTHER	0.044859	0.223208	0.000875	0.731058	
megahit_163812_1-255	OTHER	0.039949	0.076472	0.012380	0.871200	
megahit_163822_384-602	OTHER	0.182466	0.011077	0.006515	0.799943	
megahit_163834_74-949	OTHER	0.359586	0.032362	0.034680	0.573372	
megahit_163835_74-1009	OTHER	0.359586	0.032362	0.034680	0.573372	
megahit_163840_1-498	OTHER	0.359586	0.032362	0.034680	0.573372	
megahit_163841_2-991	OTHER	0.359586	0.032362	0.034680	0.573372	
megahit_163856_1-351	OTHER	0.018001	0.000694	0.001538	0.979767	
megahit_163857_5105-5524	OTHER	0.012281	0.002408	0.001977	0.983334	
megahit_163887_2-97	OTHER	0.140627	0.001350	0.116925	0.741098	
megahit_163887_99-662	LIPO(Sec/SPII)	0.001287	0.000209	0.995686	0.002818	CS pos: 23-24. LFS-CV. Pr: 0.9969
megahit_163889_2-970	SP(Sec/SPI)	0.857582	0.000149	0.141242	0.001028	CS pos: 20-21. TNG-QE. Pr: 0.5172
megahit_163890_31-1230	SP(Sec/SPI)	0.857582	0.000149	0.141242	0.001028	CS pos: 20-21. TNG-QE. Pr: 0.5172
megahit_163904_27806-28804	OTHER	0.002488	0.001376	0.001684	0.994453	
megahit_163913_18468-19169	OTHER	0.017481	0.060254	0.004321	0.917944	
megahit_163935_82-2271	OTHER	0.004517	0.001284	0.000483	0.993717	
megahit_163936_82-2271	OTHER	0.004517	0.001284	0.000483	0.993717	
megahit_163938_82-2271	OTHER	0.004517	0.001284	0.000483	0.993717	
megahit_163940_82-2271	OTHER	0.004517	0.001284	0.000483	0.993717	
megahit_164109_2-982	OTHER	0.007891	0.004880	0.001560	0.985669	
megahit_164115_916-1851	OTHER	0.040260	0.001166	0.065373	0.893201	
megahit_164121_916-2331	OTHER	0.040260	0.001166	0.065373	0.893201	
megahit_164127_102-557	SP(Sec/SPI)	0.997342	0.000744	0.001665	0.000249	CS pos: 24-25. AMA-DG. Pr: 0.7549
megahit_164154_266-922	OTHER	0.010935	0.009476	0.002007	0.977581	
megahit_164154_951-1586	OTHER	0.010130	0.003608	0.002376	0.983886	
megahit_164154_1869-2174	OTHER	0.002919	0.002506	0.000873	0.993701	
megahit_164155_81-716	OTHER	0.010130	0.003608	0.002376	0.983886	
megahit_164156_1-771	OTHER	0.012000	0.020770	0.003058	0.964171	
megahit_164156_806-1096	OTHER	0.002309	0.000800	0.001132	0.995758	
megahit_164156_1093-1749	OTHER	0.010935	0.009476	0.002007	0.977581	
megahit_164156_1778-2413	OTHER	0.010130	0.003608	0.002376	0.983886	
megahit_164197_3-392	OTHER	0.010483	0.011699	0.003233	0.974586	
megahit_164250_70-420	OTHER	0.002521	0.000458	0.000262	0.996759	
megahit_164251_70-420	OTHER	0.002684	0.000509	0.000251	0.996555	
megahit_164269_1-429	OTHER	0.069921	0.005227	0.007429	0.917423	
megahit_164274_224-493	SP(Sec/SPI)	0.996711	0.000167	0.002616	0.000506	CS pos: 20-21. VLA-QS. Pr: 0.8838
megahit_164277_3-479	OTHER	0.118272	0.001618	0.012003	0.868106	
megahit_164292_2-196	OTHER	0.077520	0.033837	0.019110	0.869533	
megahit_164293_2-196	OTHER	0.094722	0.039961	0.024779	0.840539	
megahit_164298_3-275	OTHER	0.236477	0.007504	0.034638	0.721381	
megahit_164301_1040-1144	OTHER	0.035973	0.002114	0.014744	0.947168	
megahit_164307_265-1029	OTHER	0.342776	0.009785	0.097075	0.550364	
megahit_164309_1132-1662	OTHER	0.008258	0.001819	0.001517	0.988405	
megahit_164317_114-3566	OTHER	0.058371	0.008848	0.008308	0.924473	
megahit_164318_114-3566	OTHER	0.058371	0.008848	0.008308	0.924473	
megahit_164363_10163-10846	OTHER	0.003438	0.002673	0.000453	0.993436	
megahit_164363_10922-11161	OTHER	0.001213	0.000319	0.000787	0.997681	
megahit_164363_11158-11604	OTHER	0.000685	0.000164	0.001208	0.997943	
megahit_164364_55-564	OTHER	0.003438	0.002673	0.000453	0.993436	
megahit_164366_10163-10846	OTHER	0.003438	0.002673	0.000453	0.993436	
megahit_164366_10922-11161	OTHER	0.001213	0.000319	0.000787	0.997681	
megahit_164366_18756-19037	OTHER	0.004824	0.002515	0.000924	0.991736	
megahit_164367_55-564	OTHER	0.003438	0.002673	0.000453	0.993436	
megahit_164389_2-988	OTHER	0.007611	0.008592	0.001174	0.982622	
megahit_164389_1147-2067	OTHER	0.005171	0.000606	0.000908	0.993315	
megahit_164404_347-2755	SP(Sec/SPI)	0.940835	0.000463	0.058007	0.000695	CS pos: 22-23. VIA-AD. Pr: 0.8749
megahit_164405_1-858	SP(Sec/SPI)	0.940835	0.000463	0.058007	0.000695	CS pos: 22-23. VIA-AD. Pr: 0.8749
megahit_164415_3-260	OTHER	0.013333	0.000317	0.001793	0.984556	
megahit_164415_287-514	OTHER	0.000695	0.000077	0.000880	0.998348	
megahit_164416_3-260	OTHER	0.013333	0.000317	0.001793	0.984556	
megahit_164416_287-604	OTHER	0.004214	0.000090	0.003197	0.992499	
megahit_164442_1016-3868	OTHER	0.017229	0.015469	0.001935	0.965367	
megahit_164442_3964-4374	OTHER	0.014315	0.045751	0.005889	0.934045	
megahit_164443_417-746	OTHER	0.001120	0.002260	0.000196	0.996425	
megahit_164443_803-1828	OTHER	0.008671	0.000486	0.001276	0.989566	
megahit_164479_605-1051	OTHER	0.012131	0.081374	0.001338	0.905157	
megahit_164510_1-264	OTHER	0.048555	0.032587	0.013702	0.905155	
megahit_164530_23-436	OTHER	0.001748	0.000700	0.000200	0.997353	
megahit_164545_1-1995	OTHER	0.011765	0.002476	0.001819	0.983939	
megahit_164549_1-1995	OTHER	0.011765	0.002476	0.001819	0.983939	
megahit_164550_1-1995	OTHER	0.011765	0.002476	0.001819	0.983939	
megahit_164558_1-348	OTHER	0.008889	0.003012	0.001880	0.986220	
megahit_164573_59-280	OTHER	0.014994	0.004815	0.003358	0.976833	
megahit_164582_2-793	SP(Sec/SPI)	0.990954	0.000205	0.008098	0.000743	CS pos: 18-19. VLA-SQ. Pr: 0.9389
megahit_164590_2-436	OTHER	0.013885	0.033230	0.001325	0.951560	
megahit_164599_3-1184	OTHER	0.046269	0.005178	0.033309	0.915244	
megahit_164608_69-1928	OTHER	0.001732	0.000644	0.000165	0.997458	
megahit_164609_198-926	OTHER	0.015604	0.000773	0.001863	0.981760	
megahit_164609_1752-3473	OTHER	0.001732	0.000644	0.000165	0.997458	
megahit_164610_388-2109	OTHER	0.001732	0.000644	0.000165	0.997458	
megahit_164628_3-1079	OTHER	0.085516	0.021969	0.035726	0.856789	
megahit_164637_3-902	OTHER	0.016929	0.017066	0.002070	0.963934	
megahit_164646_1-813	OTHER	0.002818	0.000221	0.000319	0.996642	
megahit_164670_1-306	OTHER	0.010118	0.007099	0.000976	0.981808	
megahit_164690_31-1263	SP(Sec/SPI)	0.773723	0.000227	0.225117	0.000933	CS pos: 20-21. SLC-AQ. Pr: 0.3602
megahit_164698_3-311	OTHER	0.005995	0.002379	0.000591	0.991035	
megahit_164699_2-343	OTHER	0.005592	0.001394	0.001060	0.991953	
megahit_164702_1-609	OTHER	0.014040	0.001563	0.008102	0.976296	
megahit_164714_652-2199	SP(Sec/SPI)	0.672576	0.000755	0.262436	0.064234	CS pos: 20-21. LQA-QK. Pr: 0.7540
megahit_164736_3-332	OTHER	0.003599	0.003276	0.000626	0.992499	
megahit_164792_140-1120	OTHER	0.026350	0.000551	0.003423	0.969676	
megahit_164816_1-348	SP(Sec/SPI)	0.542563	0.009197	0.345424	0.102816	CS pos: 32-33. TQA-AY. Pr: 0.4036
megahit_164816_452-1396	SP(Sec/SPI)	0.994515	0.000203	0.004228	0.001054	CS pos: 18-19. ALA-ER. Pr: 0.9837
megahit_164866_3-680	OTHER	0.009126	0.028668	0.000658	0.961548	
megahit_164867_38-664	SP(Sec/SPI)	0.654234	0.182844	0.006544	0.156378	CS pos: 42-43. ANA-QN. Pr: 0.7733
megahit_164931_127-522	OTHER	0.007313	0.001816	0.000289	0.990581	
megahit_164959_3-488	OTHER	0.480167	0.004441	0.021577	0.493815	
megahit_165089_2-865	OTHER	0.005000	0.000916	0.001188	0.992896	
megahit_165167_1-399	OTHER	0.002604	0.000265	0.000778	0.996353	
megahit_165168_584-1588	OTHER	0.016722	0.001227	0.002257	0.979794	
megahit_165169_74-1201	SP(Sec/SPI)	0.980046	0.014545	0.002503	0.002907	CS pos: 31-32. VQA-AT. Pr: 0.9753
megahit_165184_172-1899	OTHER	0.005005	0.008202	0.000303	0.986489	
megahit_165190_372-2597	OTHER	0.005629	0.001247	0.000707	0.992417	
megahit_165193_372-2597	OTHER	0.005629	0.001247	0.000707	0.992417	
megahit_165221_2-574	OTHER	0.003016	0.003028	0.000693	0.993262	
megahit_165221_734-1042	OTHER	0.002766	0.003005	0.000449	0.993779	
megahit_165281_1-678	OTHER	0.033783	0.000476	0.001041	0.964700	
megahit_165376_276-2639	LIPO(Sec/SPII)	0.060617	0.000798	0.891276	0.047309	CS pos: 29-30. SVS-CS. Pr: 0.8458
megahit_165376_2691-4160	SP(Sec/SPI)	0.739268	0.000218	0.260064	0.000450	CS pos: 17-18. VQA-DE. Pr: 0.7358
megahit_165376_4179-4565	OTHER	0.005563	0.000601	0.001650	0.992186	
megahit_165403_2-436	OTHER	0.007805	0.006645	0.001428	0.984122	
megahit_165417_206-640	OTHER	0.093559	0.012218	0.007115	0.887109	
megahit_165418_1-1776	OTHER	0.017613	0.004954	0.005998	0.971435	
megahit_165524_2-427	OTHER	0.003874	0.003745	0.000800	0.991581	
megahit_165544_593-1159	OTHER	0.003725	0.000474	0.000874	0.994927	
megahit_165609_3-275	OTHER	0.024006	0.001027	0.035071	0.939897	
megahit_165670_154-2499	SP(Sec/SPI)	0.934069	0.002183	0.062283	0.001465	CS pos: 28-29. AYG-QA. Pr: 0.2524
megahit_165671_158-2485	SP(Sec/SPI)	0.930642	0.005507	0.052694	0.011157	CS pos: 28-29. AYG-QA. Pr: 0.3448
megahit_165735_38-484	OTHER	0.000548	0.000154	0.001682	0.997616	
megahit_165735_481-555	OTHER	0.074049	0.069808	0.037220	0.818924	
megahit_165747_127-579	OTHER	0.073061	0.021577	0.010576	0.894786	
megahit_165748_127-588	OTHER	0.073061	0.021577	0.010576	0.894786	
megahit_165817_4127-5095	OTHER	0.015509	0.082031	0.016670	0.885791	
megahit_165819_6825-7664	SP(Sec/SPI)	0.998674	0.000375	0.000749	0.000202	CS pos: 22-23. AFA-HD. Pr: 0.9704
megahit_165841_3-1016	LIPO(Sec/SPII)	0.001877	0.000070	0.997835	0.000217	CS pos: 19-20. VAA-CG. Pr: 0.9984
megahit_166012_160-876	SP(Sec/SPI)	0.982937	0.004335	0.011308	0.001420	CS pos: 23-24. SQA-AV. Pr: 0.5837
megahit_166123_315-536	OTHER	0.046995	0.001147	0.005762	0.946097	
megahit_166125_315-536	OTHER	0.046995	0.001147	0.005762	0.946097	
megahit_166125_4810-5667	OTHER	0.008803	0.001737	0.001507	0.987952	
megahit_166159_277-726	OTHER	0.003880	0.000882	0.000550	0.994689	
megahit_166160_1523-1972	OTHER	0.003880	0.000882	0.000550	0.994689	
megahit_166163_415-1215	OTHER	0.004687	0.002855	0.000529	0.991929	
megahit_166172_1981-2868	OTHER	0.006548	0.002025	0.001566	0.989861	
megahit_166172_3144-3728	OTHER	0.105026	0.002651	0.017140	0.875182	
megahit_166173_342-569	LIPO(Sec/SPII)	0.000795	0.000114	0.998576	0.000515	CS pos: 24-25. LAG-CG. Pr: 0.9991
megahit_166174_3-1220	SP(Sec/SPI)	0.983592	0.001762	0.013354	0.001292	CS pos: 28-29. THA-QG. Pr: 0.9067
megahit_166174_1345-2232	OTHER	0.006548	0.002025	0.001566	0.989861	
megahit_166174_2508-3092	OTHER	0.110558	0.003352	0.014710	0.871380	
megahit_166175_2707-3594	OTHER	0.006548	0.002025	0.001566	0.989861	
megahit_166175_3870-4202	OTHER	0.007219	0.001494	0.001563	0.989723	
megahit_166176_2707-3594	OTHER	0.006548	0.002025	0.001566	0.989861	
megahit_166176_3870-4454	OTHER	0.105026	0.002651	0.017140	0.875182	
megahit_166181_3-359	OTHER	0.004609	0.005216	0.000527	0.989648	
megahit_166183_22-507	OTHER	0.071347	0.028850	0.012159	0.887644	
megahit_166183_633-1700	OTHER	0.012272	0.003979	0.000915	0.982833	
megahit_166184_1-564	OTHER	0.001678	0.000168	0.000275	0.997880	
megahit_166184_596-2050	OTHER	0.071347	0.028850	0.012159	0.887644	
megahit_166184_2176-3243	OTHER	0.012272	0.003979	0.000915	0.982833	
megahit_166185_66-1070	OTHER	0.071347	0.028850	0.012159	0.887644	
megahit_166185_1196-2263	OTHER	0.012272	0.003979	0.000915	0.982833	
megahit_166193_1-510	OTHER	0.002579	0.003916	0.000633	0.992872	
megahit_166193_530-1354	LIPO(Sec/SPII)	0.000329	0.000055	0.999398	0.000219	CS pos: 17-18. FMG-CS. Pr: 0.9999
megahit_166193_1741-3174	OTHER	0.049821	0.291295	0.009023	0.649861	
megahit_166193_3196-3552	OTHER	0.011267	0.009447	0.000883	0.978404	
megahit_166194_1-1434	OTHER	0.068941	0.283544	0.016795	0.630719	
megahit_166194_1456-1812	OTHER	0.011267	0.009447	0.000883	0.978404	
megahit_166225_49-4752	OTHER	0.060465	0.141925	0.008899	0.788711	
megahit_166226_49-4752	OTHER	0.060465	0.141925	0.008899	0.788711	
megahit_166227_49-4752	OTHER	0.060465	0.141925	0.008899	0.788711	
megahit_166228_49-2277	OTHER	0.219685	0.042668	0.026658	0.710990	
megahit_166229_469-1626	OTHER	0.026342	0.036581	0.003693	0.933383	
megahit_166229_1724-2188	OTHER	0.007135	0.058134	0.000299	0.934433	
megahit_166236_469-1626	OTHER	0.026342	0.036581	0.003693	0.933383	
megahit_166266_11-1546	OTHER	0.002241	0.001657	0.000734	0.995369	
megahit_166268_11-1600	OTHER	0.003802	0.002707	0.000750	0.992740	
megahit_166306_98-1042	OTHER	0.001197	0.000572	0.000133	0.998098	
megahit_166381_1-306	OTHER	0.007094	0.005527	0.002021	0.985358	
megahit_166390_2-697	OTHER	0.013741	0.002905	0.003602	0.979752	
megahit_166392_2-697	OTHER	0.013741	0.002905	0.003602	0.979752	
megahit_166398_2-211	OTHER	0.017220	0.012902	0.010527	0.959351	
megahit_166473_1-2010	OTHER	0.122802	0.012771	0.227326	0.637100	
megahit_166478_2-400	LIPO(Sec/SPII)	0.024162	0.000163	0.975287	0.000388	CS pos: 17-18. LVA-CA. Pr: 0.9762
megahit_166525_76-1083	LIPO(Sec/SPII)	0.008056	0.000176	0.978080	0.013688	CS pos: 11-12. LLS-CA. Pr: 0.9684
megahit_166564_2-1126	OTHER	0.017817	0.003226	0.001368	0.977588	
megahit_166654_125-265	OTHER	0.089168	0.103054	0.040373	0.767405	
megahit_166659_2-694	OTHER	0.004514	0.001418	0.001000	0.993068	
megahit_166681_37-546	OTHER	0.015984	0.020601	0.006634	0.956781	
megahit_166682_108-1490	OTHER	0.015982	0.017119	0.005141	0.961758	
megahit_166729_1-1077	LIPO(Sec/SPII)	0.001032	0.000896	0.997603	0.000469	CS pos: 26-27. LTA-CG. Pr: 0.9980
megahit_166813_467-2197	OTHER	0.006472	0.002195	0.000850	0.990484	
megahit_166834_542-1099	OTHER	0.019307	0.008847	0.001854	0.969992	
megahit_166870_649-1203	OTHER	0.004863	0.000975	0.001656	0.992506	
megahit_166871_934-1488	OTHER	0.004863	0.000975	0.001656	0.992506	
megahit_166872_934-1488	OTHER	0.004863	0.000975	0.001656	0.992506	
megahit_166897_154-966	OTHER	0.066002	0.003976	0.018692	0.911330	
megahit_166898_1-624	OTHER	0.007894	0.000416	0.004217	0.987473	
megahit_166898_639-1451	OTHER	0.066002	0.003976	0.018692	0.911330	
megahit_166952_47-520	OTHER	0.003262	0.002104	0.000325	0.994308	
megahit_166976_122-226	OTHER	0.127826	0.066324	0.052288	0.753562	
megahit_167009_84-311	LIPO(Sec/SPII)	0.006008	0.000179	0.993276	0.000538	CS pos: 22-23. LAG-CS. Pr: 0.9942
megahit_167009_317-943	OTHER	0.023113	0.063386	0.001764	0.911738	
megahit_167010_657-1283	OTHER	0.023113	0.063386	0.001764	0.911738	
megahit_167011_826-1905	OTHER	0.002787	0.001378	0.000228	0.995606	
megahit_167011_4154-4780	OTHER	0.023113	0.063386	0.001764	0.911738	
megahit_167012_2-493	OTHER	0.002655	0.001070	0.000345	0.995930	
megahit_167085_2-319	OTHER	0.118829	0.086205	0.199690	0.595277	
megahit_167088_331-942	SP(Sec/SPI)	0.997985	0.000078	0.001688	0.000249	CS pos: 18-19. ANA-AV. Pr: 0.9803
megahit_167096_3-338	OTHER	0.001645	0.000387	0.000297	0.997670	
megahit_167096_338-1126	OTHER	0.032807	0.002924	0.001780	0.962489	
megahit_167208_269-1483	OTHER	0.002486	0.000645	0.002548	0.994321	
megahit_167208_1473-1778	OTHER	0.000634	0.000029	0.007047	0.992290	
megahit_167208_3857-4525	OTHER	0.003203	0.000533	0.000602	0.995663	
megahit_167209_269-1483	OTHER	0.002486	0.000645	0.002548	0.994321	
megahit_167209_1473-1778	OTHER	0.000634	0.000029	0.007047	0.992290	
megahit_167209_1798-2088	OTHER	0.002672	0.010316	0.000449	0.986564	
megahit_167209_3857-4525	OTHER	0.003203	0.000533	0.000602	0.995663	
megahit_167214_620-907	SP(Sec/SPI)	0.994986	0.000499	0.002421	0.002094	CS pos: 23-24. SFA-EA. Pr: 0.7243
megahit_167216_1-273	OTHER	0.019039	0.002536	0.001286	0.977139	
megahit_167232_831-1052	OTHER	0.010122	0.003519	0.004832	0.981528	
megahit_167232_1331-1540	OTHER	0.007215	0.003898	0.000999	0.987888	
megahit_167233_113-322	OTHER	0.007215	0.003898	0.000999	0.987888	
megahit_167234_27-734	OTHER	0.462262	0.001640	0.032542	0.503556	
megahit_167234_1545-1754	OTHER	0.007215	0.003898	0.000999	0.987888	
megahit_167253_1-1140	OTHER	0.011349	0.000944	0.002410	0.985297	
megahit_167254_2-1156	OTHER	0.019160	0.000836	0.001855	0.978149	
megahit_167258_1-1140	OTHER	0.011349	0.000944	0.002410	0.985297	
megahit_167260_2-1156	OTHER	0.019160	0.000836	0.001855	0.978149	
megahit_167260_1173-2897	OTHER	0.006528	0.000546	0.034089	0.958837	
megahit_167322_323-613	OTHER	0.014968	0.001777	0.001677	0.981577	
megahit_167322_627-917	OTHER	0.001865	0.001475	0.000142	0.996518	
megahit_167323_2017-2307	OTHER	0.014968	0.001777	0.001677	0.981577	
megahit_167326_1802-2092	OTHER	0.014968	0.001777	0.001677	0.981577	
megahit_167344_2-112	OTHER	0.111357	0.032631	0.040103	0.815909	
megahit_167349_3-806	OTHER	0.002380	0.001712	0.000707	0.995202	
megahit_167353_1-1011	OTHER	0.041982	0.005958	0.001519	0.950541	
megahit_167354_152-1198	OTHER	0.005235	0.003013	0.000811	0.990941	
megahit_167354_1271-2422	OTHER	0.041982	0.005958	0.001519	0.950541	
megahit_167366_238-1335	SP(Sec/SPI)	0.601592	0.389088	0.002598	0.006722	CS pos: 34-35. ASA-QS. Pr: 0.8052
megahit_167367_1551-2540	SP(Sec/SPI)	0.985177	0.007286	0.002957	0.004580	CS pos: 31-32. VSA-DT. Pr: 0.9384
megahit_167369_1707-2621	SP(Sec/SPI)	0.985177	0.007286	0.002957	0.004580	CS pos: 31-32. VSA-DT. Pr: 0.9384
megahit_167370_238-1704	SP(Sec/SPI)	0.601592	0.389088	0.002598	0.006722	CS pos: 34-35. ASA-QS. Pr: 0.8052
megahit_167370_1707-2696	SP(Sec/SPI)	0.985177	0.007286	0.002957	0.004580	CS pos: 31-32. VSA-DT. Pr: 0.9384
megahit_167395_3-383	TAT(Tat/SPI)	0.243566	0.707725	0.002469	0.046240	CS pos: 45-46. AAA-LD. Pr: 0.7376
megahit_167424_35-289	OTHER	0.021716	0.003416	0.010516	0.964352	
megahit_167437_1366-1782	OTHER	0.150117	0.005427	0.014042	0.830414	
megahit_167439_62-922	OTHER	0.008531	0.005562	0.000940	0.984967	
megahit_167450_63-221	OTHER	0.007607	0.001120	0.000861	0.990412	
megahit_167506_2081-3541	LIPO(Sec/SPII)	0.002395	0.000134	0.996828	0.000642	CS pos: 27-28. LAG-CQ. Pr: 0.9861
megahit_167507_3626-4054	SP(Sec/SPI)	0.931185	0.004656	0.044031	0.020128	CS pos: 23-24. AVA-GA. Pr: 0.4804
megahit_167508_2-622	SP(Sec/SPI)	0.546688	0.002474	0.027756	0.423082	CS pos: 27-28. AYA-GY. Pr: 0.5034
megahit_167508_626-2071	LIPO(Sec/SPII)	0.001220	0.000056	0.998507	0.000217	CS pos: 20-21. LVS-CD. Pr: 0.9990
megahit_167508_2071-2538	LIPO(Sec/SPII)	0.001201	0.000168	0.998390	0.000240	CS pos: 22-23. LSA-CT. Pr: 0.9991
megahit_167508_2535-3971	LIPO(Sec/SPII)	0.003003	0.000202	0.996035	0.000760	CS pos: 27-28. LAG-CQ. Pr: 0.9786
megahit_167508_4056-4484	SP(Sec/SPI)	0.931185	0.004656	0.044031	0.020128	CS pos: 23-24. AVA-GA. Pr: 0.4804
megahit_167550_298-852	OTHER	0.023220	0.010501	0.002471	0.963808	
megahit_167557_1-657	OTHER	0.010024	0.016529	0.000889	0.972559	
megahit_167573_1298-1738	OTHER	0.004956	0.002021	0.000517	0.992506	
megahit_167586_2-76	OTHER	0.101395	0.058666	0.049737	0.790201	
megahit_167587_2-76	OTHER	0.101395	0.058666	0.049737	0.790201	
megahit_167600_3-296	OTHER	0.007115	0.002134	0.001096	0.989655	
megahit_167606_1-300	OTHER	0.003905	0.003165	0.000839	0.992091	
megahit_167684_1-744	OTHER	0.009911	0.003865	0.001811	0.984414	
megahit_167686_433-597	OTHER	0.016536	0.032981	0.004692	0.945792	
megahit_167689_326-607	OTHER	0.010943	0.000925	0.004278	0.983855	
megahit_167695_16-582	OTHER	0.007272	0.002419	0.002477	0.987832	
megahit_167715_123-1691	SP(Sec/SPI)	0.865657	0.000877	0.095924	0.037542	CS pos: 23-24. IFS-QQ. Pr: 0.7957
megahit_167715_1991-2152	OTHER	0.021391	0.009337	0.005653	0.963619	
megahit_167716_1991-2152	OTHER	0.021391	0.009337	0.005653	0.963619	
megahit_167716_2260-2784	OTHER	0.003169	0.001067	0.000696	0.995068	
megahit_167716_2799-3359	OTHER	0.035999	0.001842	0.009630	0.952529	
megahit_167717_1991-2152	OTHER	0.021391	0.009337	0.005653	0.963619	
megahit_167717_2260-2784	OTHER	0.003169	0.001067	0.000696	0.995068	
megahit_167718_1991-2152	OTHER	0.021391	0.009337	0.005653	0.963619	
megahit_167720_147-4244	SP(Sec/SPI)	0.984453	0.000295	0.013514	0.001738	CS pos: 20-21. ATA-QL. Pr: 0.5381
megahit_167721_147-4244	SP(Sec/SPI)	0.984453	0.000295	0.013514	0.001738	CS pos: 20-21. ATA-QL. Pr: 0.5381
megahit_167722_147-4244	SP(Sec/SPI)	0.984453	0.000295	0.013514	0.001738	CS pos: 20-21. ATA-QL. Pr: 0.5381
megahit_167724_1-1335	SP(Sec/SPI)	0.984453	0.000295	0.013514	0.001738	CS pos: 20-21. ATA-QL. Pr: 0.5381
megahit_167728_2-661	OTHER	0.003751	0.003128	0.000556	0.992565	
megahit_167731_88-687	OTHER	0.001440	0.002731	0.000215	0.995614	
megahit_167776_558-1571	OTHER	0.043113	0.001572	0.013613	0.941702	
megahit_167830_2-739	OTHER	0.008686	0.001602	0.003092	0.986619	
megahit_167861_168-1223	SP(Sec/SPI)	0.998346	0.000557	0.000700	0.000397	CS pos: 23-24. ASA-AI. Pr: 0.9115
megahit_167864_168-1247	SP(Sec/SPI)	0.989791	0.006142	0.000961	0.003107	CS pos: 30-31. ASA-AI. Pr: 0.9247
megahit_167876_572-1213	OTHER	0.018770	0.011915	0.003360	0.965955	
megahit_167876_1425-2030	SP(Sec/SPI)	0.998216	0.000396	0.001135	0.000253	CS pos: 20-21. AHA-AG. Pr: 0.9671
megahit_167876_2916-4502	OTHER	0.002624	0.003715	0.000246	0.993414	
megahit_167877_572-1213	OTHER	0.018770	0.011915	0.003360	0.965955	
megahit_167877_1425-2030	SP(Sec/SPI)	0.998216	0.000396	0.001135	0.000253	CS pos: 20-21. AHA-AG. Pr: 0.9671
megahit_167877_2156-2779	SP(Sec/SPI)	0.997819	0.000146	0.001822	0.000213	CS pos: 19-20. AQA-EE. Pr: 0.9912
megahit_167878_572-1213	OTHER	0.018770	0.011915	0.003360	0.965955	
megahit_167878_1425-2030	SP(Sec/SPI)	0.998216	0.000396	0.001135	0.000253	CS pos: 20-21. AHA-AG. Pr: 0.9671
megahit_167878_2916-4502	OTHER	0.002624	0.003715	0.000246	0.993414	
megahit_167878_4558-5310	OTHER	0.004012	0.000652	0.003213	0.992123	
megahit_167916_2-358	OTHER	0.002554	0.005720	0.000299	0.991427	
megahit_167916_382-807	OTHER	0.041428	0.014420	0.003411	0.940741	
megahit_167916_809-1360	OTHER	0.008267	0.000621	0.002918	0.988195	
megahit_167916_1378-1788	LIPO(Sec/SPII)	0.003703	0.000241	0.750622	0.245434	CS pos: 14-15. LFA-CS. Pr: 0.7539
megahit_167918_2-358	OTHER	0.002554	0.005720	0.000299	0.991427	
megahit_167918_382-807	OTHER	0.041428	0.014420	0.003411	0.940741	
megahit_167918_809-1360	OTHER	0.008267	0.000621	0.002918	0.988195	
megahit_167918_1378-1788	LIPO(Sec/SPII)	0.003703	0.000241	0.750622	0.245434	CS pos: 14-15. LFA-CS. Pr: 0.7539
megahit_167918_2120-2404	OTHER	0.012437	0.001145	0.001474	0.984945	
megahit_167936_1-231	OTHER	0.007860	0.007212	0.001989	0.982940	
megahit_167940_3-200	OTHER	0.006798	0.007231	0.006893	0.979078	
megahit_167950_339-1016	OTHER	0.003403	0.002915	0.000607	0.993075	
megahit_167951_2069-2746	OTHER	0.003403	0.002915	0.000607	0.993075	
megahit_168001_37-819	SP(Sec/SPI)	0.628469	0.002768	0.321978	0.046785	CS pos: 27-28. GDA-RE. Pr: 0.2187
megahit_168002_37-726	SP(Sec/SPI)	0.628469	0.002768	0.321978	0.046785	CS pos: 27-28. GDA-RE. Pr: 0.2187
megahit_168003_37-819	SP(Sec/SPI)	0.628469	0.002768	0.321978	0.046785	CS pos: 27-28. GDA-RE. Pr: 0.2187
megahit_168004_37-819	SP(Sec/SPI)	0.628469	0.002768	0.321978	0.046785	CS pos: 27-28. GDA-RE. Pr: 0.2187
megahit_168005_37-819	SP(Sec/SPI)	0.628469	0.002768	0.321978	0.046785	CS pos: 27-28. GDA-RE. Pr: 0.2187
megahit_168008_462-1550	OTHER	0.002880	0.002439	0.000518	0.994163	
megahit_168008_2225-2821	OTHER	0.015180	0.001493	0.001876	0.981452	
megahit_168009_463-1551	OTHER	0.002880	0.002439	0.000518	0.994163	
megahit_168009_1548-2213	OTHER	0.007343	0.005866	0.000613	0.986177	
megahit_168009_2226-2822	OTHER	0.015180	0.001493	0.001876	0.981452	
megahit_168011_462-1550	OTHER	0.002880	0.002439	0.000518	0.994163	
megahit_168011_2225-2821	OTHER	0.015180	0.001493	0.001876	0.981452	
megahit_168043_3-368	OTHER	0.006519	0.001069	0.001177	0.991236	
megahit_168044_1-237	OTHER	0.003267	0.007481	0.000661	0.988591	
megahit_168069_3-485	OTHER	0.040988	0.002515	0.008529	0.947969	
megahit_168069_1096-1368	OTHER	0.004930	0.000335	0.001011	0.993724	
megahit_168069_1374-1649	OTHER	0.003563	0.000765	0.000385	0.995287	
megahit_168069_1673-2509	OTHER	0.002728	0.000384	0.000275	0.996613	
megahit_168070_420-1256	OTHER	0.002728	0.000384	0.000275	0.996613	
megahit_168092_666-1127	OTHER	0.014219	0.008258	0.007831	0.969693	
megahit_168109_1-420	OTHER	0.004189	0.000720	0.000483	0.994608	
megahit_168171_2-1726	OTHER	0.015640	0.001484	0.008448	0.974428	
megahit_168175_254-1432	OTHER	0.172764	0.004902	0.083715	0.738619	
megahit_168279_149-439	OTHER	0.122593	0.071250	0.008849	0.797308	
megahit_168282_27-347	OTHER	0.092720	0.067413	0.004964	0.834904	
megahit_168283_27-347	OTHER	0.092720	0.067413	0.004964	0.834904	
megahit_168296_105-296	OTHER	0.021001	0.001698	0.001149	0.976152	
megahit_168298_2-1657	OTHER	0.088603	0.011633	0.006528	0.893236	
megahit_168408_77-652	OTHER	0.048014	0.000852	0.011533	0.939602	
megahit_168434_427-1437	SP(Sec/SPI)	0.998004	0.000950	0.000794	0.000252	CS pos: 24-25. ASA-AD. Pr: 0.9599
megahit_168485_3-623	OTHER	0.005080	0.005403	0.000827	0.988690	
megahit_168498_3-725	OTHER	0.017235	0.160565	0.005052	0.817148	
megahit_168590_1-744	OTHER	0.002253	0.000394	0.000245	0.997108	
megahit_168610_3-1421	OTHER	0.027696	0.008662	0.007626	0.956017	
megahit_168731_75-1757	OTHER	0.002460	0.001570	0.000294	0.995676	
megahit_168774_186-827	OTHER	0.015976	0.008244	0.005958	0.969821	
megahit_168775_1-327	OTHER	0.006010	0.000694	0.000559	0.992737	
megahit_168776_186-545	OTHER	0.015976	0.008244	0.005958	0.969821	
megahit_168785_32-508	SP(Sec/SPI)	0.985968	0.005031	0.003697	0.005305	CS pos: 26-27. AHA-AS. Pr: 0.9295
megahit_168788_2-859	OTHER	0.003270	0.001196	0.000466	0.995068	
megahit_168795_37-816	OTHER	0.092495	0.005652	0.018661	0.883192	
megahit_168810_2-490	OTHER	0.018161	0.001942	0.001307	0.978590	
megahit_168879_6462-6665	OTHER	0.050556	0.000148	0.008157	0.941138	
megahit_168887_1-876	OTHER	0.004934	0.023432	0.001354	0.970280	
megahit_168887_925-1125	OTHER	0.022164	0.000246	0.119045	0.858545	
megahit_168887_1134-1448	SP(Sec/SPI)	0.772588	0.002178	0.182608	0.042626	CS pos: 30-31. SRS-SV. Pr: 0.3128
megahit_168888_1-876	OTHER	0.004934	0.023432	0.001354	0.970280	
megahit_168890_2-304	OTHER	0.020540	0.001953	0.005945	0.971562	
megahit_168895_131-2023	OTHER	0.010744	0.000889	0.001292	0.987075	
megahit_168897_131-1297	OTHER	0.010744	0.000889	0.001292	0.987075	
megahit_168917_147-860	OTHER	0.087465	0.007070	0.011068	0.894397	
megahit_168938_1-336	OTHER	0.017102	0.001371	0.003084	0.978444	
megahit_168963_711-2414	OTHER	0.026392	0.003282	0.007004	0.963322	
megahit_168963_2411-2920	OTHER	0.002343	0.000246	0.008359	0.989052	
megahit_168964_711-2438	OTHER	0.026392	0.003282	0.007004	0.963322	
megahit_168964_2435-2944	OTHER	0.002281	0.000241	0.008181	0.989298	
megahit_168964_2937-3353	OTHER	0.044295	0.000913	0.011101	0.943691	
megahit_168965_711-2438	OTHER	0.026392	0.003282	0.007004	0.963322	
megahit_168966_711-2414	OTHER	0.026392	0.003282	0.007004	0.963322	
megahit_168967_1-1470	OTHER	0.014017	0.001369	0.006036	0.978578	
megahit_168967_1467-1976	OTHER	0.002343	0.000246	0.008359	0.989052	
megahit_168969_711-2438	OTHER	0.026392	0.003282	0.007004	0.963322	
megahit_168974_711-2414	OTHER	0.026392	0.003282	0.007004	0.963322	
megahit_168974_2411-2920	OTHER	0.002343	0.000246	0.008359	0.989052	
megahit_168974_2913-3329	OTHER	0.044295	0.000913	0.011101	0.943691	
megahit_169014_3-569	TAT(Tat/SPI)	0.001903	0.997432	0.000364	0.000300	CS pos: 26-27. AIA-QG. Pr: 0.7883
megahit_169035_786-1943	LIPO(Sec/SPII)	0.001030	0.000073	0.998576	0.000321	CS pos: 16-17. LIS-CT. Pr: 0.9994
megahit_169092_3-197	OTHER	0.010533	0.001254	0.000885	0.987329	
megahit_169092_209-1174	OTHER	0.002202	0.000210	0.001805	0.995782	
megahit_169093_3-197	OTHER	0.010533	0.001254	0.000885	0.987329	
megahit_169093_209-1174	OTHER	0.002202	0.000210	0.001805	0.995782	
megahit_169094_3-197	OTHER	0.010533	0.001254	0.000885	0.987329	
megahit_169094_209-1174	OTHER	0.002202	0.000210	0.001805	0.995782	
megahit_169113_3-1637	OTHER	0.002604	0.001864	0.002040	0.993492	
megahit_169114_3-1637	OTHER	0.002604	0.001864	0.002040	0.993492	
megahit_169114_3128-4240	SP(Sec/SPI)	0.929097	0.000195	0.066386	0.004321	CS pos: 18-19. AYT-QE. Pr: 0.8032
megahit_169115_3-1637	OTHER	0.002604	0.001864	0.002040	0.993492	
megahit_169115_1737-2297	OTHER	0.002727	0.000234	0.000576	0.996464	
megahit_169115_3113-4225	SP(Sec/SPI)	0.929097	0.000195	0.066386	0.004321	CS pos: 18-19. AYT-QE. Pr: 0.8032
megahit_169116_3-1637	OTHER	0.002604	0.001864	0.002040	0.993492	
megahit_169116_3129-4241	SP(Sec/SPI)	0.929097	0.000195	0.066386	0.004321	CS pos: 18-19. AYT-QE. Pr: 0.8032
megahit_169130_1-303	OTHER	0.002151	0.000240	0.000363	0.997246	
megahit_169132_3-491	OTHER	0.003998	0.013818	0.000734	0.981450	
megahit_169132_519-773	OTHER	0.001628	0.000792	0.000228	0.997352	
megahit_169134_1032-2489	SP(Sec/SPI)	0.940340	0.019300	0.011013	0.029347	CS pos: 36-37. VDA-QE. Pr: 0.8633
megahit_169136_1032-2306	SP(Sec/SPI)	0.940340	0.019300	0.011013	0.029347	CS pos: 36-37. VDA-QE. Pr: 0.8633
megahit_169176_101-703	SP(Sec/SPI)	0.995131	0.000475	0.002915	0.001479	CS pos: 20-21. ALA-EV. Pr: 0.9726
megahit_169177_101-2164	SP(Sec/SPI)	0.995131	0.000475	0.002915	0.001479	CS pos: 20-21. ALA-EV. Pr: 0.9726
megahit_169178_101-1780	SP(Sec/SPI)	0.995131	0.000475	0.002915	0.001479	CS pos: 20-21. ALA-EV. Pr: 0.9726
megahit_169343_69-776	OTHER	0.166304	0.075217	0.017768	0.740711	
megahit_169344_1-1194	OTHER	0.004118	0.002084	0.000567	0.993231	
megahit_169344_1302-2306	OTHER	0.166304	0.075217	0.017768	0.740711	
megahit_169345_1-1194	OTHER	0.004118	0.002084	0.000567	0.993231	
megahit_169345_1288-2292	OTHER	0.166304	0.075217	0.017768	0.740711	
megahit_169366_1-831	OTHER	0.004451	0.007177	0.001049	0.987323	
megahit_169382_464-2623	OTHER	0.011185	0.000254	0.007729	0.980832	
megahit_169382_2632-2916	OTHER	0.004177	0.003614	0.000626	0.991583	
megahit_169383_464-2623	OTHER	0.011185	0.000254	0.007729	0.980832	
megahit_169383_2632-2916	OTHER	0.004177	0.003614	0.000626	0.991583	
megahit_169421_746-2122	OTHER	0.022967	0.004956	0.003111	0.968965	
megahit_169422_409-1785	OTHER	0.022967	0.004956	0.003111	0.968965	
megahit_169423_3-419	OTHER	0.057553	0.067413	0.009154	0.865881	
megahit_169425_551-1927	OTHER	0.022967	0.004956	0.003111	0.968965	
megahit_169476_33-1406	TAT(Tat/SPI)	0.001151	0.998550	0.000145	0.000154	CS pos: 31-32. ASA-AN. Pr: 0.8036
megahit_169489_319-1128	OTHER	0.001847	0.001787	0.000246	0.996119	
megahit_169507_3-674	OTHER	0.022424	0.002352	0.001984	0.973240	
megahit_169531_725-1765	OTHER	0.035456	0.008558	0.005740	0.950246	
megahit_169531_4725-5876	OTHER	0.001019	0.000328	0.000139	0.998514	
megahit_169532_785-1765	OTHER	0.002722	0.001655	0.002100	0.993523	
megahit_169532_3880-4707	OTHER	0.015186	0.004272	0.003406	0.977136	
megahit_169532_4725-5876	OTHER	0.001019	0.000328	0.000139	0.998514	
megahit_169614_3022-3816	OTHER	0.000610	0.000401	0.029682	0.969306	
megahit_169618_3830-4486	OTHER	0.000595	0.000100	0.001481	0.997824	
megahit_169618_4759-5382	LIPO(Sec/SPII)	0.018044	0.000070	0.981601	0.000286	CS pos: 19-20. FSS-CK. Pr: 0.9816
megahit_169674_242-1660	OTHER	0.028589	0.004690	0.012233	0.954488	
megahit_169674_1958-3193	OTHER	0.014332	0.021538	0.003653	0.960477	
megahit_169687_40-957	OTHER	0.001106	0.000722	0.000173	0.997999	
megahit_169688_40-1011	OTHER	0.001106	0.000722	0.000173	0.997999	
megahit_169697_1-1095	OTHER	0.008993	0.002322	0.001651	0.987034	
megahit_169761_233-913	OTHER	0.005201	0.000524	0.001276	0.992999	
megahit_169789_1-1356	OTHER	0.008019	0.000475	0.001817	0.989688	
megahit_169800_3-287	OTHER	0.102970	0.050476	0.012544	0.834010	
megahit_169856_2-394	OTHER	0.003920	0.000894	0.000659	0.994527	
megahit_169856_394-639	OTHER	0.007907	0.001371	0.002365	0.988357	
megahit_169927_76-903	LIPO(Sec/SPII)	0.003550	0.000168	0.996024	0.000258	CS pos: 18-19. LAG-CS. Pr: 0.9968
megahit_169941_2560-3012	OTHER	0.074111	0.016607	0.003525	0.905757	
megahit_170006_1166-1717	OTHER	0.018205	0.001776	0.001908	0.978111	
megahit_170006_1770-2258	OTHER	0.091435	0.030143	0.018078	0.860344	
megahit_170033_73-1125	OTHER	0.039996	0.000842	0.002545	0.956617	
megahit_170065_37-1449	OTHER	0.010797	0.003116	0.001144	0.984943	
megahit_170091_3125-4681	SP(Sec/SPI)	0.989823	0.000266	0.008623	0.001288	CS pos: 19-20. SKA-QQ. Pr: 0.9595
megahit_170113_1-792	OTHER	0.006785	0.003634	0.002294	0.987287	
megahit_170203_2-922	OTHER	0.002785	0.008110	0.000607	0.988498	
megahit_170204_162-647	OTHER	0.002693	0.007286	0.000241	0.989780	
megahit_170205_2-922	OTHER	0.002785	0.008110	0.000607	0.988498	
megahit_170205_904-1461	OTHER	0.074115	0.003110	0.002213	0.920563	
megahit_170205_1464-1661	OTHER	0.016712	0.011459	0.009374	0.962456	
megahit_170205_1663-2148	OTHER	0.002693	0.007286	0.000241	0.989780	
megahit_170273_2-502	OTHER	0.046482	0.001511	0.001899	0.950108	
megahit_170324_1-789	OTHER	0.072011	0.002149	0.008074	0.917766	
megahit_170365_391-990	OTHER	0.021608	0.001895	0.015634	0.960863	
megahit_170365_1001-2383	SP(Sec/SPI)	0.694830	0.187093	0.024064	0.094013	CS pos: 30-31. ERA-AQ. Pr: 0.1555
megahit_170388_2-703	OTHER	0.145280	0.261508	0.013673	0.579540	
megahit_170408_38-295	OTHER	0.007930	0.003654	0.001769	0.986647	
megahit_170430_512-1390	OTHER	0.008745	0.000436	0.000777	0.990042	
megahit_170430_1394-3130	OTHER	0.033191	0.047186	0.004369	0.915255	
megahit_170433_512-1390	OTHER	0.008745	0.000436	0.000777	0.990042	
megahit_170433_1394-2308	OTHER	0.033191	0.047186	0.004369	0.915255	
megahit_170649_2-133	OTHER	0.043653	0.022166	0.010880	0.923301	
megahit_170649_251-1201	OTHER	0.015778	0.001811	0.002069	0.980342	
megahit_170650_2-133	OTHER	0.043653	0.022166	0.010880	0.923301	
megahit_170650_251-1201	OTHER	0.015778	0.001811	0.002069	0.980342	
megahit_170822_64-576	OTHER	0.012877	0.005595	0.004184	0.977344	
megahit_170837_152-343	OTHER	0.011622	0.000789	0.001726	0.985863	
megahit_170918_2-391	OTHER	0.013865	0.001532	0.001003	0.983600	
megahit_171034_1-1077	OTHER	0.011074	0.000597	0.000612	0.987717	
megahit_171126_34-939	SP(Sec/SPI)	0.992308	0.000135	0.006387	0.001170	CS pos: 15-16. AYA-QA. Pr: 0.7824
megahit_171147_803-1534	OTHER	0.072901	0.011799	0.026772	0.888529	
megahit_171151_56-445	OTHER	0.023657	0.020237	0.002571	0.953535	
megahit_171151_543-1325	OTHER	0.027508	0.022018	0.001924	0.948550	
megahit_171230_1-237	OTHER	0.003683	0.002300	0.000565	0.993453	
megahit_171231_13-288	OTHER	0.007214	0.000420	0.001231	0.991135	
megahit_171314_1-876	OTHER	0.007620	0.012465	0.001848	0.978067	
megahit_171320_1-795	OTHER	0.059184	0.014431	0.027067	0.899318	
megahit_171320_792-1787	LIPO(Sec/SPII)	0.009193	0.000149	0.990060	0.000598	CS pos: 24-25. LMG-CD. Pr: 0.5416
megahit_171320_1792-3060	OTHER	0.047107	0.001982	0.002169	0.948742	
megahit_171320_3080-3562	OTHER	0.053441	0.012162	0.023055	0.911342	
megahit_171320_3591-4076	OTHER	0.008714	0.000353	0.001039	0.989894	
megahit_171321_75-740	LIPO(Sec/SPII)	0.009193	0.000149	0.990060	0.000598	CS pos: 24-25. LMG-CD. Pr: 0.5416
megahit_171321_745-2013	OTHER	0.047107	0.001982	0.002169	0.948742	
megahit_171321_2033-2515	OTHER	0.053441	0.012162	0.023055	0.911342	
megahit_171321_2544-3029	OTHER	0.008714	0.000353	0.001039	0.989894	
megahit_171330_2-3406	OTHER	0.287112	0.036349	0.040969	0.635571	
megahit_171331_2-4159	OTHER	0.287112	0.036349	0.040969	0.635571	
megahit_171355_2-442	OTHER	0.001138	0.000619	0.000163	0.998081	
megahit_171370_2-625	OTHER	0.002494	0.002992	0.000412	0.994102	
megahit_171375_496-1476	OTHER	0.009580	0.003002	0.003684	0.983734	
megahit_171390_70-330	OTHER	0.010343	0.014391	0.007543	0.967724	
megahit_171395_560-2248	OTHER	0.017190	0.000573	0.005479	0.976758	
megahit_171442_1-540	OTHER	0.020602	0.003674	0.002404	0.973320	
megahit_171508_249-1079	OTHER	0.038826	0.004745	0.004799	0.951630	
megahit_171508_1202-1450	OTHER	0.012117	0.002463	0.001412	0.984008	
megahit_171526_1353-2609	OTHER	0.015021	0.005924	0.003646	0.975409	
megahit_171527_365-1621	OTHER	0.015021	0.005924	0.003646	0.975409	
megahit_171527_1702-2706	OTHER	0.001232	0.001034	0.004699	0.993036	
megahit_171527_2729-3031	OTHER	0.004869	0.000611	0.001101	0.993420	
megahit_171527_3173-3649	OTHER	0.008486	0.010714	0.000762	0.980038	
megahit_171527_3740-4012	OTHER	0.035735	0.010779	0.002032	0.951453	
megahit_171528_365-1621	OTHER	0.015021	0.005924	0.003646	0.975409	
megahit_171528_1702-2706	OTHER	0.001232	0.001034	0.004699	0.993036	
megahit_171528_2729-3031	OTHER	0.004869	0.000611	0.001101	0.993420	
megahit_171528_3173-3649	OTHER	0.008486	0.010714	0.000762	0.980038	
megahit_171535_128-730	OTHER	0.004771	0.006739	0.000563	0.987927	
megahit_171564_1-1068	OTHER	0.023367	0.003974	0.002124	0.970534	
megahit_171564_1114-2001	OTHER	0.015627	0.001297	0.003071	0.980005	
megahit_171570_3-341	OTHER	0.009162	0.012410	0.000543	0.977885	
megahit_171571_14-2056	OTHER	0.004950	0.003130	0.002757	0.989163	
megahit_171575_722-1486	LIPO(Sec/SPII)	0.007549	0.000152	0.991995	0.000305	CS pos: 21-22. MSG-CS. Pr: 0.9923
megahit_171575_1497-2252	LIPO(Sec/SPII)	0.022295	0.003814	0.971193	0.002698	CS pos: 32-33. LGG-CA. Pr: 0.9626
megahit_171632_32-889	OTHER	0.046415	0.001074	0.010528	0.941983	
megahit_171652_476-817	OTHER	0.012002	0.000560	0.001105	0.986333	
megahit_171652_886-2187	SP(Sec/SPI)	0.940792	0.008326	0.015377	0.035505	CS pos: 23-24. AFA-SE. Pr: 0.9383
megahit_171653_49-297	SP(Sec/SPI)	0.927240	0.009004	0.016059	0.047697	CS pos: 23-24. AFA-SE. Pr: 0.9274
megahit_171654_402-743	OTHER	0.012002	0.000560	0.001105	0.986333	
megahit_171654_812-2113	SP(Sec/SPI)	0.940792	0.008326	0.015377	0.035505	CS pos: 23-24. AFA-SE. Pr: 0.9383
megahit_171731_1-1443	OTHER	0.008069	0.011072	0.000695	0.980164	
megahit_171732_222-860	OTHER	0.003151	0.000974	0.001039	0.994836	
megahit_171732_998-1309	OTHER	0.109233	0.023405	0.027311	0.840051	
megahit_171732_1319-1807	OTHER	0.002983	0.009148	0.000608	0.987260	
megahit_171732_1992-3515	OTHER	0.090666	0.002426	0.002066	0.904842	
megahit_171733_222-860	OTHER	0.003151	0.000974	0.001039	0.994836	
megahit_171733_998-1309	OTHER	0.109233	0.023405	0.027311	0.840051	
megahit_171733_1319-1807	OTHER	0.002983	0.009148	0.000608	0.987260	
megahit_171827_558-1244	SP(Sec/SPI)	0.996904	0.001880	0.000848	0.000368	CS pos: 24-25. VFA-QE. Pr: 0.9948
megahit_171842_32-277	OTHER	0.059369	0.027000	0.004997	0.908635	
megahit_171874_2-622	OTHER	0.078819	0.026933	0.029892	0.864356	
megahit_171880_3-1172	OTHER	0.040443	0.003937	0.003201	0.952419	
megahit_171896_3-110	OTHER	0.128116	0.054305	0.047703	0.769876	
megahit_171921_164-1024	OTHER	0.006331	0.003863	0.001054	0.988753	
megahit_171922_3-398	OTHER	0.004286	0.004826	0.001300	0.989587	
megahit_171928_21-1337	OTHER	0.016396	0.001832	0.001879	0.979892	
megahit_171930_1-1251	OTHER	0.016396	0.001832	0.001879	0.979892	
megahit_171932_813-2129	OTHER	0.016396	0.001832	0.001879	0.979892	
megahit_171933_52-1368	OTHER	0.016396	0.001832	0.001879	0.979892	
megahit_171987_121-504	OTHER	0.007306	0.003249	0.000948	0.988497	
megahit_171987_1506-1721	OTHER	0.004685	0.013175	0.001136	0.981004	
megahit_171987_1800-2975	OTHER	0.015557	0.029078	0.002963	0.952401	
megahit_171988_121-504	OTHER	0.007306	0.003249	0.000948	0.988497	
megahit_171988_1506-1721	OTHER	0.004685	0.013175	0.001136	0.981004	
megahit_171991_1-1068	OTHER	0.034360	0.051527	0.011882	0.902231	
