# SignalP-5.0	Organism: Gram-negative	Timestamp: 20230503170357
# ID	Prediction	SP(Sec/SPI)	TAT(Tat/SPI)	LIPO(Sec/SPII)	OTHER	CS Position
megahit_246141_2-487	OTHER	0.006886	0.001591	0.000648	0.990874	
megahit_246187_1-414	OTHER	0.005526	0.012071	0.008931	0.973472	
megahit_246195_104-340	OTHER	0.009708	0.013931	0.001890	0.974471	
megahit_246205_1-267	OTHER	0.007609	0.001885	0.002306	0.988201	
megahit_246205_378-665	OTHER	0.001027	0.000210	0.000941	0.997821	
megahit_246205_609-797	LIPO(Sec/SPII)	0.348887	0.006178	0.514491	0.130443	CS pos: 22-23. LGA-KL. Pr: 0.3445
megahit_246247_3-1190	SP(Sec/SPI)	0.948151	0.046155	0.001090	0.004603	CS pos: 44-45. AFA-QD. Pr: 0.9842
megahit_246248_3-2297	SP(Sec/SPI)	0.948151	0.046155	0.001090	0.004603	CS pos: 44-45. AFA-QD. Pr: 0.9842
megahit_246248_2344-4002	OTHER	0.012871	0.009632	0.001472	0.976025	
megahit_246248_4002-5291	OTHER	0.003914	0.006447	0.001489	0.988150	
megahit_246248_5310-5798	OTHER	0.012132	0.001596	0.005270	0.981002	
megahit_246287_1-726	OTHER	0.009737	0.001629	0.001169	0.987465	
megahit_246289_1-942	OTHER	0.002532	0.000722	0.000938	0.995807	
megahit_246289_1096-1713	OTHER	0.008336	0.003422	0.004288	0.983954	
megahit_246289_1724-2473	OTHER	0.003023	0.000642	0.000600	0.995735	
megahit_246317_1-1038	OTHER	0.001125	0.000126	0.001632	0.997117	
megahit_246317_1311-2450	OTHER	0.028975	0.005824	0.460633	0.504567	
megahit_246334_2961-3386	OTHER	0.004075	0.002533	0.000450	0.992942	
megahit_246348_103-495	OTHER	0.006749	0.005618	0.000345	0.987288	
megahit_246353_3-1136	OTHER	0.009940	0.005729	0.002046	0.982285	
megahit_246353_1274-2419	OTHER	0.006733	0.003002	0.000690	0.989576	
megahit_246353_2436-3122	OTHER	0.006008	0.001271	0.000372	0.992348	
megahit_246354_92-1555	OTHER	0.010905	0.001280	0.004922	0.982893	
megahit_246354_1693-2838	OTHER	0.006733	0.003002	0.000690	0.989576	
megahit_246354_2855-3541	OTHER	0.006008	0.001271	0.000372	0.992348	
megahit_246355_92-1555	OTHER	0.010905	0.001280	0.004922	0.982893	
megahit_246355_1693-2838	OTHER	0.006733	0.003002	0.000690	0.989576	
megahit_246430_1-1368	OTHER	0.004283	0.000529	0.000530	0.994658	
megahit_246439_79-396	OTHER	0.019930	0.003089	0.010409	0.966572	
megahit_246446_94-1239	OTHER	0.050820	0.010127	0.001651	0.937403	
megahit_246448_2-1303	OTHER	0.021401	0.143564	0.001652	0.833383	
megahit_246448_1344-2045	SP(Sec/SPI)	0.953624	0.003447	0.020976	0.021953	CS pos: 25-26. LFA-QG. Pr: 0.6209
megahit_246483_328-2079	LIPO(Sec/SPII)	0.000984	0.000052	0.998595	0.000370	CS pos: 17-18. IFS-CK. Pr: 0.9988
megahit_246483_2082-3185	LIPO(Sec/SPII)	0.002308	0.000103	0.996830	0.000760	CS pos: 15-16. IMS-CK. Pr: 0.9981
megahit_246483_3221-3685	OTHER	0.117934	0.006873	0.003323	0.871870	
megahit_246490_1-1188	OTHER	0.010889	0.005626	0.006882	0.976603	
megahit_246546_3-1058	OTHER	0.064182	0.032355	0.005290	0.898174	
megahit_246574_1-342	OTHER	0.024873	0.004784	0.002614	0.967729	
megahit_246575_1-747	OTHER	0.056610	0.003164	0.005403	0.934823	
megahit_246576_1-1005	OTHER	0.011666	0.003725	0.001952	0.982657	
megahit_246636_2-841	OTHER	0.001490	0.000541	0.017131	0.980839	
megahit_246645_1-126	OTHER	0.032473	0.047587	0.005607	0.914334	
megahit_246645_133-1137	SP(Sec/SPI)	0.995350	0.001868	0.002348	0.000435	CS pos: 22-23. AAA-AE. Pr: 0.7235
megahit_246695_81-1079	LIPO(Sec/SPII)	0.080717	0.002954	0.665648	0.250681	CS pos: 19-20. TLR-CC. Pr: 0.3290
megahit_246716_8615-9679	OTHER	0.005670	0.005649	0.000313	0.988369	
megahit_246718_8615-9685	OTHER	0.005670	0.005649	0.000313	0.988369	
megahit_246743_2-442	OTHER	0.010634	0.000995	0.001237	0.987135	
megahit_246743_485-679	OTHER	0.011730	0.001186	0.002228	0.984856	
megahit_246798_1079-2755	OTHER	0.000547	0.000118	0.000678	0.998658	
megahit_246802_2-811	OTHER	0.004900	0.002726	0.000745	0.991630	
megahit_246806_3-227	OTHER	0.003475	0.000307	0.003739	0.992478	
megahit_246807_1-243	OTHER	0.021182	0.000539	0.028778	0.949501	
megahit_246822_326-1144	OTHER	0.156626	0.006758	0.001800	0.834816	
megahit_246823_247-1566	LIPO(Sec/SPII)	0.214464	0.008055	0.774244	0.003237	CS pos: 21-22. LGS-CV. Pr: 0.7741
megahit_246845_2-847	OTHER	0.021131	0.001739	0.002735	0.974395	
megahit_246865_17-367	OTHER	0.012590	0.001186	0.008270	0.977954	
megahit_246865_371-685	OTHER	0.007880	0.000689	0.002135	0.989296	
megahit_246866_17-370	OTHER	0.012590	0.001186	0.008270	0.977954	
megahit_246866_657-971	OTHER	0.007880	0.000689	0.002135	0.989296	
megahit_246867_2-1186	OTHER	0.006598	0.001379	0.004507	0.987516	
megahit_246878_188-1024	OTHER	0.003332	0.000407	0.000252	0.996010	
megahit_246879_180-629	OTHER	0.031557	0.005953	0.003448	0.959042	
megahit_246879_2102-2578	OTHER	0.062061	0.129027	0.004245	0.804667	
megahit_246880_180-629	OTHER	0.031557	0.005953	0.003448	0.959042	
megahit_246880_2102-2578	OTHER	0.062061	0.129027	0.004245	0.804667	
megahit_246885_1-849	OTHER	0.013285	0.004572	0.004990	0.977154	
megahit_246915_201-1334	OTHER	0.028847	0.070211	0.024493	0.876449	
megahit_246916_95-1729	OTHER	0.019358	0.060051	0.004617	0.915974	
megahit_246916_1722-3164	OTHER	0.051616	0.019675	0.010567	0.918143	
megahit_246916_3241-5052	OTHER	0.016429	0.001525	0.040058	0.941989	
megahit_246916_5104-6237	OTHER	0.028847	0.070211	0.024493	0.876449	
megahit_246917_2-334	OTHER	0.082200	0.048406	0.006946	0.862449	
megahit_246917_360-2138	OTHER	0.019358	0.060051	0.004617	0.915974	
megahit_246917_2131-3573	OTHER	0.051616	0.019675	0.010567	0.918143	
megahit_246917_3650-5461	OTHER	0.016429	0.001525	0.040058	0.941989	
megahit_246917_5513-6646	OTHER	0.028847	0.070211	0.024493	0.876449	
megahit_246918_32-958	OTHER	0.028847	0.070211	0.024493	0.876449	
megahit_246922_44-1294	OTHER	0.010288	0.000611	0.000930	0.988171	
megahit_246923_1-924	OTHER	0.296050	0.038701	0.007952	0.657297	
megahit_246923_960-2453	OTHER	0.010288	0.000611	0.000930	0.988171	
megahit_246929_1-924	OTHER	0.004103	0.000851	0.000520	0.994526	
megahit_246930_1-894	OTHER	0.004103	0.000851	0.000520	0.994526	
megahit_246936_43-1497	OTHER	0.001784	0.000527	0.000241	0.997449	
megahit_246940_2-697	OTHER	0.005862	0.004976	0.000598	0.988564	
megahit_247061_3-302	OTHER	0.006414	0.005752	0.001003	0.986831	
megahit_247073_1-432	SP(Sec/SPI)	0.996971	0.000234	0.001414	0.001380	CS pos: 21-22. VFA-DE. Pr: 0.9967
megahit_247474_59-484	OTHER	0.023791	0.005161	0.000725	0.970323	
megahit_247498_3-584	OTHER	0.007467	0.000780	0.001705	0.990048	
megahit_247566_271-1236	OTHER	0.033640	0.106807	0.003502	0.856051	
megahit_247670_249-1124	OTHER	0.301348	0.009484	0.013668	0.675500	
megahit_247688_2-193	OTHER	0.026630	0.028121	0.002119	0.943129	
megahit_247691_314-1012	OTHER	0.041812	0.002493	0.003336	0.952359	
megahit_247702_1-453	OTHER	0.007627	0.025749	0.005678	0.960946	
megahit_247703_1-453	OTHER	0.009796	0.026092	0.007472	0.956639	
megahit_247704_1-453	OTHER	0.007627	0.025749	0.005678	0.960946	
megahit_247730_1309-3321	OTHER	0.006038	0.035160	0.000731	0.958070	
megahit_247731_1512-3524	OTHER	0.006038	0.035160	0.000731	0.958070	
megahit_247734_1309-3321	OTHER	0.006038	0.035160	0.000731	0.958070	
megahit_247759_1-381	OTHER	0.003349	0.003584	0.000720	0.992347	
megahit_247762_2-421	OTHER	0.004718	0.003247	0.000511	0.991524	
megahit_247765_250-783	OTHER	0.007065	0.006100	0.000814	0.986021	
megahit_247765_798-905	OTHER	0.151729	0.009729	0.026580	0.811962	
megahit_247766_250-783	OTHER	0.009564	0.008370	0.000915	0.981152	
megahit_247766_798-905	OTHER	0.151729	0.009729	0.026580	0.811962	
megahit_247804_1-1881	OTHER	0.175933	0.005917	0.014946	0.803204	
megahit_247809_2-1591	OTHER	0.147823	0.050838	0.014321	0.787018	
megahit_247813_141-2027	OTHER	0.051568	0.000464	0.074901	0.873067	
megahit_247821_1-702	OTHER	0.032195	0.005159	0.014388	0.948258	
megahit_247821_699-1625	OTHER	0.013693	0.007032	0.004402	0.974873	
megahit_247822_1-663	OTHER	0.013693	0.007032	0.004402	0.974873	
megahit_247893_351-1223	OTHER	0.049861	0.012415	0.023718	0.914006	
megahit_247917_1-231	OTHER	0.016832	0.011331	0.001872	0.969966	
megahit_247918_3-284	OTHER	0.002456	0.000995	0.000253	0.996296	
megahit_247927_1005-1244	OTHER	0.033875	0.005040	0.015761	0.945324	
megahit_247927_1300-1401	OTHER	0.019210	0.007713	0.008221	0.964856	
megahit_247929_162-1631	OTHER	0.006641	0.000548	0.001160	0.991652	
megahit_247929_1850-2089	OTHER	0.033875	0.005040	0.015761	0.945324	
megahit_247929_2145-2246	OTHER	0.019210	0.007713	0.008221	0.964856	
megahit_247939_3-218	OTHER	0.072973	0.001361	0.011281	0.914385	
megahit_247941_32-364	OTHER	0.002343	0.000891	0.000323	0.996443	
megahit_247941_611-1279	SP(Sec/SPI)	0.988136	0.006004	0.004148	0.001712	CS pos: 23-24. AQA-AG. Pr: 0.6140
megahit_247942_32-364	OTHER	0.002141	0.000861	0.000299	0.996698	
megahit_247966_1021-1710	OTHER	0.003474	0.000624	0.002308	0.993594	
megahit_247988_71-325	OTHER	0.030726	0.017788	0.002405	0.949081	
megahit_248031_133-1503	OTHER	0.018349	0.013124	0.002690	0.965837	
megahit_248051_22-342	OTHER	0.004562	0.021878	0.002725	0.970834	
megahit_248052_37-612	OTHER	0.002154	0.003375	0.000192	0.994279	
megahit_248053_3-347	OTHER	0.008721	0.011418	0.005905	0.973956	
megahit_248053_665-1330	LIPO(Sec/SPII)	0.001337	0.000050	0.998488	0.000125	CS pos: 17-18. LAA-CS. Pr: 0.9992
megahit_248053_1419-2468	OTHER	0.091676	0.001410	0.007218	0.899696	
megahit_248053_2536-2970	OTHER	0.037512	0.001800	0.009904	0.950783	
megahit_248053_2979-3749	OTHER	0.002154	0.003375	0.000192	0.994279	
megahit_248054_118-465	OTHER	0.037512	0.001800	0.009904	0.950783	
megahit_248054_474-1244	OTHER	0.002154	0.003375	0.000192	0.994279	
megahit_248055_65-874	OTHER	0.002154	0.003375	0.000192	0.994279	
megahit_248056_3-281	OTHER	0.008721	0.011418	0.005905	0.973956	
megahit_248058_25-519	OTHER	0.001394	0.001339	0.000193	0.997074	
megahit_248065_26-1060	SP(Sec/SPI)	0.993450	0.000293	0.005534	0.000723	CS pos: 24-25. TLA-DP. Pr: 0.9702
megahit_248065_1354-2457	OTHER	0.186042	0.018095	0.022336	0.773527	
megahit_248066_26-1060	SP(Sec/SPI)	0.993450	0.000293	0.005534	0.000723	CS pos: 24-25. TLA-DP. Pr: 0.9702
megahit_248066_1224-2327	OTHER	0.186042	0.018095	0.022336	0.773527	
megahit_248069_18-1358	OTHER	0.005804	0.002225	0.001190	0.990781	
megahit_248106_189-335	OTHER	0.025465	0.008323	0.005088	0.961125	
megahit_248107_189-317	OTHER	0.029326	0.010017	0.006532	0.954125	
megahit_248108_1-147	OTHER	0.025465	0.008323	0.005088	0.961125	
megahit_248194_107-1336	OTHER	0.007229	0.004738	0.000459	0.987574	
megahit_248196_61-516	OTHER	0.004171	0.001004	0.000521	0.994303	
megahit_248231_221-2227	OTHER	0.005465	0.001313	0.001623	0.991600	
megahit_248232_221-2227	OTHER	0.005465	0.001313	0.001623	0.991600	
megahit_248237_2880-4166	OTHER	0.009466	0.008758	0.002785	0.978991	
megahit_248237_4234-4773	OTHER	0.011056	0.004535	0.002533	0.981877	
megahit_248237_4792-5877	OTHER	0.185910	0.013989	0.009299	0.790802	
megahit_248237_5883-6656	OTHER	0.127357	0.001832	0.022670	0.848142	
megahit_248237_6768-7730	OTHER	0.005960	0.000257	0.002163	0.991620	
megahit_248237_7800-9095	OTHER	0.005232	0.002154	0.001607	0.991006	
megahit_248237_9118-9951	OTHER	0.001563	0.000117	0.000616	0.997704	
megahit_248237_10107-11501	OTHER	0.030158	0.000520	0.006502	0.962819	
megahit_248237_12910-15996	SP(Sec/SPI)	0.843775	0.005372	0.139566	0.011287	CS pos: 40-41. TDA-AQ. Pr: 0.7921
megahit_248239_3021-3638	OTHER	0.015074	0.007117	0.001737	0.976072	
megahit_248240_103-1179	OTHER	0.374181	0.002960	0.036621	0.586237	
megahit_248240_1290-4376	SP(Sec/SPI)	0.843775	0.005372	0.139566	0.011287	CS pos: 40-41. TDA-AQ. Pr: 0.7921
megahit_248241_2880-4166	OTHER	0.009466	0.008758	0.002785	0.978991	
megahit_248241_4234-4773	OTHER	0.011056	0.004535	0.002533	0.981877	
megahit_248241_4792-5877	OTHER	0.185910	0.013989	0.009299	0.790802	
megahit_248241_5883-6656	OTHER	0.127357	0.001832	0.022670	0.848142	
megahit_248241_6768-7730	OTHER	0.005960	0.000257	0.002163	0.991620	
megahit_248241_7800-9095	OTHER	0.005232	0.002154	0.001607	0.991006	
megahit_248241_9118-9951	OTHER	0.001563	0.000117	0.000616	0.997704	
megahit_248241_10107-11501	OTHER	0.030158	0.000520	0.006502	0.962819	
megahit_248241_12910-15990	SP(Sec/SPI)	0.843775	0.005372	0.139566	0.011287	CS pos: 40-41. TDA-AQ. Pr: 0.7921
megahit_248258_18-200	OTHER	0.010842	0.005182	0.001855	0.982121	
megahit_248277_74-238	OTHER	0.040864	0.027937	0.012703	0.918496	
megahit_248320_68-1993	OTHER	0.011094	0.009390	0.000324	0.979192	
megahit_248367_2-988	OTHER	0.008271	0.000944	0.001741	0.989044	
megahit_248367_1005-2105	OTHER	0.002200	0.003117	0.000518	0.994165	
megahit_248384_3-1043	OTHER	0.047550	0.016219	0.012677	0.923554	
megahit_248384_1530-2465	OTHER	0.012062	0.009064	0.000640	0.978233	
megahit_248385_3-1043	OTHER	0.047550	0.016219	0.012677	0.923554	
megahit_248385_1530-2465	OTHER	0.012062	0.009064	0.000640	0.978233	
megahit_248386_658-1593	OTHER	0.011867	0.013182	0.000579	0.974373	
megahit_248387_3-938	OTHER	0.012062	0.009064	0.000640	0.978233	
megahit_248387_1425-2465	OTHER	0.047550	0.016219	0.012677	0.923554	
megahit_248388_3-938	OTHER	0.012062	0.009064	0.000640	0.978233	
megahit_248388_1425-2465	OTHER	0.047550	0.016219	0.012677	0.923554	
megahit_248389_631-1671	OTHER	0.047550	0.016219	0.012677	0.923554	
megahit_248486_1-744	OTHER	0.321513	0.122090	0.104913	0.451484	
megahit_248487_1-1425	OTHER	0.321513	0.122090	0.104913	0.451484	
megahit_248556_1-792	OTHER	0.003701	0.006488	0.000586	0.989224	
megahit_248562_123-650	OTHER	0.008304	0.000522	0.001222	0.989952	
megahit_248579_2-379	OTHER	0.057391	0.011314	0.004100	0.927195	
megahit_248697_2-910	OTHER	0.006646	0.004037	0.001226	0.988091	
megahit_248807_1-441	OTHER	0.012691	0.033689	0.006807	0.946813	
megahit_248868_25-3150	OTHER	0.008824	0.000306	0.016161	0.974709	
megahit_248869_234-1415	OTHER	0.007249	0.000532	0.000635	0.991585	
megahit_248869_1693-5454	OTHER	0.008824	0.000306	0.016161	0.974709	
megahit_248914_2-979	OTHER	0.014397	0.002497	0.007539	0.975567	
megahit_248947_31-2070	OTHER	0.133876	0.007356	0.010780	0.847988	
megahit_248948_31-2103	SP(Sec/SPI)	0.967182	0.000652	0.028946	0.003221	CS pos: 20-21. AFA-QL. Pr: 0.9115
megahit_248948_2112-3428	SP(Sec/SPI)	0.995222	0.000130	0.003944	0.000704	CS pos: 19-20. VQA-QT. Pr: 0.9868
megahit_248961_17-1249	SP(Sec/SPI)	0.987537	0.000559	0.010346	0.001558	CS pos: 22-23. SAA-QG. Pr: 0.6923
megahit_248961_1252-1935	OTHER	0.004945	0.001584	0.000357	0.993114	
megahit_248961_1940-2830	OTHER	0.010263	0.004960	0.002392	0.982385	
megahit_248966_3-482	OTHER	0.004019	0.021315	0.000237	0.974429	
megahit_248983_219-959	TAT(Tat/SPI)	0.007942	0.515209	0.001340	0.475509	CS pos: 37-38. AHG-AT. Pr: 0.1853
megahit_248984_738-1421	OTHER	0.003594	0.001793	0.000216	0.994397	
megahit_248984_1439-2179	TAT(Tat/SPI)	0.007942	0.515209	0.001340	0.475509	CS pos: 37-38. AHG-AT. Pr: 0.1853
megahit_248989_119-406	OTHER	0.013114	0.007103	0.005242	0.974540	
megahit_248996_35-292	OTHER	0.021824	0.002510	0.005097	0.970568	
megahit_248997_2024-2944	OTHER	0.003575	0.007462	0.000220	0.988743	
megahit_249000_413-1459	OTHER	0.003259	0.000622	0.000781	0.995338	
megahit_249001_413-1459	OTHER	0.003259	0.000622	0.000781	0.995338	
megahit_249005_9-482	SP(Sec/SPI)	0.934373	0.000171	0.062344	0.003112	CS pos: 21-22. AQG-TV. Pr: 0.4916
megahit_249005_530-1147	SP(Sec/SPI)	0.991075	0.000389	0.007970	0.000566	CS pos: 22-23. TVA-QD. Pr: 0.8170
megahit_249028_2872-3984	OTHER	0.171308	0.015528	0.010590	0.802574	
megahit_249110_397-2274	OTHER	0.026298	0.000433	0.067339	0.905930	
megahit_249118_3-1721	OTHER	0.017815	0.001779	0.002788	0.977619	
megahit_249119_3-1646	OTHER	0.017815	0.001779	0.002788	0.977619	
megahit_249173_3-1334	SP(Sec/SPI)	0.558827	0.052665	0.078754	0.309755	CS pos: 18-19. AVA-GT. Pr: 0.1666
megahit_249302_3-1334	OTHER	0.006881	0.004767	0.000812	0.987540	
megahit_249304_3-1013	OTHER	0.356208	0.119108	0.014385	0.510299	
megahit_249334_3-632	OTHER	0.003244	0.000353	0.000451	0.995952	
megahit_249384_1108-1932	OTHER	0.012925	0.000414	0.003681	0.982981	
megahit_249385_1173-1997	OTHER	0.011240	0.000398	0.003579	0.984783	
megahit_249388_1108-1932	OTHER	0.012024	0.000378	0.003315	0.984283	
megahit_249393_3-479	OTHER	0.028157	0.017562	0.013921	0.940359	
megahit_249440_589-1485	LIPO(Sec/SPII)	0.078054	0.220204	0.484423	0.217319	CS pos: 33-34. VAG-CS. Pr: 0.4785
megahit_249454_727-1095	OTHER	0.001342	0.000566	0.006351	0.991741	
megahit_249454_1089-1463	OTHER	0.002524	0.000476	0.000942	0.996058	
megahit_249489_737-1684	OTHER	0.046012	0.094288	0.024463	0.835237	
megahit_249490_735-1682	OTHER	0.046012	0.094288	0.024463	0.835237	
megahit_249500_2-1393	OTHER	0.011571	0.003320	0.001003	0.984106	
megahit_249538_366-1664	OTHER	0.007241	0.002973	0.001394	0.988392	
megahit_249661_2-1531	OTHER	0.266032	0.061029	0.022771	0.650168	
megahit_249664_1-732	OTHER	0.266032	0.061029	0.022771	0.650168	
megahit_249675_23-1567	OTHER	0.045635	0.012495	0.050748	0.891121	
megahit_249676_830-2551	OTHER	0.045635	0.012495	0.050748	0.891121	
megahit_249698_1545-2420	OTHER	0.008926	0.012467	0.001278	0.977328	
megahit_249700_307-1182	OTHER	0.008926	0.012467	0.001278	0.977328	
megahit_249701_1545-2420	OTHER	0.008926	0.012467	0.001278	0.977328	
megahit_249821_2-1735	OTHER	0.121235	0.007210	0.013529	0.858026	
megahit_249821_1749-2702	OTHER	0.002753	0.003521	0.000792	0.992934	
megahit_249821_3835-4515	LIPO(Sec/SPII)	0.006634	0.000106	0.993128	0.000132	CS pos: 15-16. LGG-CA. Pr: 0.9940
megahit_249821_4527-5315	OTHER	0.064161	0.003383	0.005298	0.927157	
megahit_249822_1508-2461	OTHER	0.002753	0.003521	0.000792	0.992934	
megahit_249822_3594-4283	LIPO(Sec/SPII)	0.001513	0.000086	0.998261	0.000140	CS pos: 18-19. LGG-CA. Pr: 0.9989
megahit_249834_3-3602	SP(Sec/SPI)	0.839777	0.000298	0.097375	0.062551	CS pos: 19-20. TYS-QN. Pr: 0.6898
megahit_249839_3649-4125	OTHER	0.058370	0.003673	0.011093	0.926864	
megahit_249841_3-3602	SP(Sec/SPI)	0.839777	0.000298	0.097375	0.062551	CS pos: 19-20. TYS-QN. Pr: 0.6898
megahit_249841_3772-4248	OTHER	0.058370	0.003673	0.011093	0.926864	
megahit_249843_3-2705	OTHER	0.002331	0.001612	0.000378	0.995680	
megahit_249847_3-3650	OTHER	0.405322	0.000747	0.048494	0.545438	
megahit_249863_2-1597	OTHER	0.006533	0.000860	0.002169	0.990438	
megahit_249863_1743-1940	OTHER	0.060725	0.037546	0.006725	0.895004	
megahit_249864_2-496	OTHER	0.006533	0.000860	0.002169	0.990438	
megahit_249865_2-1183	OTHER	0.006679	0.001029	0.000999	0.991293	
megahit_249867_2-1183	OTHER	0.006679	0.001029	0.000999	0.991293	
megahit_249870_3-455	OTHER	0.089171	0.027183	0.004858	0.878788	
megahit_249870_602-1720	OTHER	0.006387	0.010131	0.000735	0.982746	
megahit_249871_2-1498	OTHER	0.089171	0.027183	0.004858	0.878788	
megahit_249871_1645-2763	OTHER	0.006387	0.010131	0.000735	0.982746	
megahit_249872_72-1190	OTHER	0.006387	0.010131	0.000735	0.982746	
megahit_249941_1-243	OTHER	0.012737	0.004216	0.001881	0.981166	
megahit_250028_3-410	OTHER	0.006965	0.003344	0.003707	0.985984	
megahit_250028_435-809	OTHER	0.006089	0.000887	0.002631	0.990393	
megahit_250028_940-1455	OTHER	0.045281	0.086749	0.005512	0.862457	
megahit_250029_435-809	OTHER	0.006089	0.000887	0.002631	0.990393	
megahit_250037_87-1580	LIPO(Sec/SPII)	0.022915	0.000178	0.973923	0.002984	CS pos: 19-20. GFS-CG. Pr: 0.9727
megahit_250039_174-896	OTHER	0.263173	0.000919	0.029790	0.706118	
megahit_250040_87-1580	LIPO(Sec/SPII)	0.022915	0.000178	0.973923	0.002984	CS pos: 19-20. GFS-CG. Pr: 0.9727
megahit_250040_1641-2249	LIPO(Sec/SPII)	0.001422	0.000093	0.998212	0.000274	CS pos: 19-20. LSA-CE. Pr: 0.9991
megahit_250041_87-1580	LIPO(Sec/SPII)	0.022915	0.000178	0.973923	0.002984	CS pos: 19-20. GFS-CG. Pr: 0.9727
megahit_250041_2450-3190	OTHER	0.007588	0.003383	0.000820	0.988210	
megahit_250042_87-1580	LIPO(Sec/SPII)	0.022915	0.000178	0.973923	0.002984	CS pos: 19-20. GFS-CG. Pr: 0.9727
megahit_250043_3-839	OTHER	0.077551	0.068432	0.005660	0.848357	
megahit_250058_1-324	OTHER	0.014820	0.001210	0.002561	0.981408	
megahit_250114_7-324	OTHER	0.016717	0.027617	0.006056	0.949610	
megahit_250123_2-157	OTHER	0.009268	0.005040	0.004426	0.981267	
megahit_250123_157-363	OTHER	0.003261	0.005692	0.000664	0.990383	
megahit_250130_23-286	OTHER	0.016717	0.027617	0.006056	0.949610	
megahit_250132_2-157	OTHER	0.009268	0.005040	0.004426	0.981267	
megahit_250137_229-471	OTHER	0.003748	0.002123	0.001424	0.992705	
megahit_250171_2720-4324	LIPO(Sec/SPII)	0.001779	0.000167	0.997513	0.000540	CS pos: 18-19. TVS-CG. Pr: 0.9985
megahit_250172_1-1545	OTHER	0.005807	0.002728	0.001374	0.990090	
megahit_250175_1656-3155	OTHER	0.003817	0.000749	0.001424	0.994010	
megahit_250261_2-727	OTHER	0.011956	0.002334	0.000449	0.985261	
megahit_250262_152-1063	OTHER	0.043879	0.033495	0.006610	0.916017	
megahit_250262_1145-1825	OTHER	0.019534	0.001464	0.003116	0.975885	
megahit_250288_142-993	OTHER	0.021958	0.003370	0.002966	0.971706	
megahit_250288_1092-2549	OTHER	0.006045	0.001543	0.004757	0.987655	
megahit_250288_2561-3820	OTHER	0.006865	0.155579	0.003390	0.834166	
megahit_250288_3817-4659	OTHER	0.002132	0.001195	0.000449	0.996224	
megahit_250288_4656-5822	OTHER	0.019418	0.012779	0.003962	0.963842	
megahit_250288_5901-7715	OTHER	0.012822	0.018185	0.001774	0.967220	
megahit_250288_8524-9087	SP(Sec/SPI)	0.479492	0.002309	0.048949	0.469249	CS pos: 21-22. GAA-YF. Pr: 0.3871
megahit_250288_9121-9906	OTHER	0.008390	0.004153	0.004691	0.982767	
megahit_250288_9934-11118	OTHER	0.003627	0.006117	0.000450	0.989805	
megahit_250290_142-993	OTHER	0.021958	0.003370	0.002966	0.971706	
megahit_250290_1092-2549	OTHER	0.006045	0.001543	0.004757	0.987655	
megahit_250290_2561-3595	OTHER	0.006865	0.155579	0.003390	0.834166	
megahit_250292_2-766	OTHER	0.010849	0.010850	0.001509	0.976793	
megahit_250293_155-1753	OTHER	0.012822	0.018185	0.001774	0.967220	
megahit_250293_2562-3125	SP(Sec/SPI)	0.479492	0.002309	0.048949	0.469249	CS pos: 21-22. GAA-YF. Pr: 0.3871
megahit_250293_3159-3944	OTHER	0.008390	0.004153	0.004691	0.982767	
megahit_250293_3972-5156	OTHER	0.003627	0.006117	0.000450	0.989805	
megahit_250350_428-1165	OTHER	0.019137	0.059805	0.000858	0.920200	
megahit_250374_1-291	OTHER	0.002937	0.003212	0.000770	0.993081	
megahit_250376_1-291	OTHER	0.002937	0.003212	0.000770	0.993081	
megahit_250376_293-1567	OTHER	0.019617	0.008128	0.002166	0.970089	
megahit_250376_1564-2019	OTHER	0.004725	0.001053	0.000371	0.993851	
megahit_250381_15-1331	OTHER	0.001804	0.001589	0.000232	0.996375	
megahit_250421_973-2331	OTHER	0.029304	0.034298	0.017778	0.918620	
megahit_250422_1036-2535	OTHER	0.061277	0.012622	0.012018	0.914083	
megahit_250422_2532-3296	OTHER	0.017791	0.002612	0.001224	0.978373	
megahit_250445_1-975	OTHER	0.000966	0.000190	0.002884	0.995960	
megahit_250445_1064-2605	OTHER	0.010229	0.004579	0.015636	0.969557	
megahit_250445_2617-3249	OTHER	0.006179	0.000159	0.000318	0.993343	
megahit_250446_1-930	OTHER	0.093354	0.021225	0.010322	0.875099	
megahit_250446_927-1115	OTHER	0.016040	0.001405	0.002035	0.980520	
megahit_250446_1127-1759	OTHER	0.006179	0.000159	0.000318	0.993343	
megahit_250447_1-975	OTHER	0.000966	0.000190	0.002884	0.995960	
megahit_250447_1064-1504	OTHER	0.010229	0.004579	0.015636	0.969557	
megahit_250458_2-1996	OTHER	0.012695	0.023809	0.002168	0.961328	
megahit_250678_2-508	OTHER	0.009483	0.007635	0.005150	0.977731	
megahit_250678_541-1263	OTHER	0.010826	0.068679	0.001549	0.918946	
megahit_250698_2-595	OTHER	0.016523	0.002661	0.002256	0.978560	
megahit_250756_3-419	OTHER	0.010410	0.011773	0.000945	0.976873	
megahit_250791_1265-1942	OTHER	0.002430	0.000288	0.000435	0.996846	
megahit_250792_1265-1942	OTHER	0.002430	0.000288	0.000435	0.996846	
megahit_250826_1-1005	OTHER	0.012338	0.000429	0.051584	0.935649	
megahit_250878_2-658	OTHER	0.004440	0.000731	0.000862	0.993967	
megahit_250925_3-593	OTHER	0.002090	0.000068	0.002346	0.995496	
megahit_250925_595-1200	OTHER	0.041517	0.003766	0.174188	0.780528	
megahit_250938_47-607	OTHER	0.014619	0.003612	0.001921	0.979849	
megahit_251038_3-665	OTHER	0.033862	0.003648	0.014008	0.948482	
megahit_251079_1-477	OTHER	0.003317	0.000520	0.000358	0.995805	
megahit_251080_74-943	OTHER	0.006716	0.003647	0.000828	0.988809	
megahit_251080_1134-1412	OTHER	0.000518	0.000186	0.000844	0.998453	
megahit_251080_1425-2057	OTHER	0.034195	0.321515	0.014518	0.629773	
megahit_251080_3428-4483	OTHER	0.005771	0.001870	0.000772	0.991588	
megahit_251081_74-943	OTHER	0.006716	0.003647	0.000828	0.988809	
megahit_251081_1134-1412	OTHER	0.000518	0.000186	0.000844	0.998453	
megahit_251081_1425-2057	OTHER	0.034195	0.321515	0.014518	0.629773	
megahit_251081_3425-4480	OTHER	0.005771	0.001870	0.000772	0.991588	
megahit_251103_2-1231	OTHER	0.032309	0.001926	0.004574	0.961192	
megahit_251103_1352-2317	OTHER	0.208142	0.148648	0.005336	0.637874	
megahit_251103_2978-3847	OTHER	0.046323	0.049716	0.003350	0.900611	
megahit_251103_3844-4689	OTHER	0.013572	0.003983	0.004562	0.977883	
megahit_251104_2-1231	OTHER	0.032309	0.001926	0.004574	0.961192	
megahit_251104_1352-2317	OTHER	0.208142	0.148648	0.005336	0.637874	
megahit_251132_3-263	OTHER	0.009674	0.006789	0.001576	0.981961	
megahit_251205_9-371	OTHER	0.008169	0.001098	0.001993	0.988740	
megahit_251252_3-176	OTHER	0.000478	0.000203	0.011876	0.987442	
megahit_251253_66-275	OTHER	0.048876	0.010357	0.002560	0.938207	
megahit_251253_289-801	OTHER	0.001452	0.000200	0.000353	0.997994	
megahit_251298_1265-3403	SP(Sec/SPI)	0.935559	0.000175	0.053646	0.010620	CS pos: 19-20. TFS-QQ. Pr: 0.8660
megahit_251302_1265-3403	SP(Sec/SPI)	0.935559	0.000175	0.053646	0.010620	CS pos: 19-20. TFS-QQ. Pr: 0.8660
megahit_251366_1978-2763	SP(Sec/SPI)	0.969618	0.003969	0.021532	0.004881	CS pos: 31-32. ADA-QA. Pr: 0.5021
megahit_251366_2939-3337	OTHER	0.002399	0.000785	0.000748	0.996068	
megahit_251367_187-585	OTHER	0.002399	0.000785	0.000748	0.996068	
megahit_251368_1848-2633	SP(Sec/SPI)	0.969618	0.003969	0.021532	0.004881	CS pos: 31-32. ADA-QA. Pr: 0.5021
megahit_251368_2809-3207	OTHER	0.002399	0.000785	0.000748	0.996068	
megahit_251396_2-517	OTHER	0.007524	0.001208	0.002160	0.989108	
megahit_251397_8-1006	OTHER	0.007524	0.001208	0.002160	0.989108	
megahit_251418_250-1758	OTHER	0.020620	0.012885	0.002995	0.963500	
megahit_251419_250-1287	OTHER	0.020620	0.012885	0.002995	0.963500	
megahit_251420_250-1752	OTHER	0.020620	0.012885	0.002995	0.963500	
megahit_251421_3-323	OTHER	0.007074	0.002501	0.001036	0.989389	
megahit_251424_2-394	OTHER	0.007751	0.002812	0.001045	0.988392	
megahit_251427_1-318	OTHER	0.007074	0.002501	0.001036	0.989389	
megahit_251427_393-662	OTHER	0.016710	0.001411	0.003289	0.978589	
megahit_251449_1877-2320	OTHER	0.002144	0.000943	0.000224	0.996689	
megahit_251457_25-1170	OTHER	0.006087	0.000669	0.000530	0.992715	
megahit_251511_25-807	OTHER	0.015236	0.009588	0.003901	0.971275	
megahit_251512_3-788	OTHER	0.014484	0.008884	0.004487	0.972145	
megahit_251513_25-822	OTHER	0.015236	0.009588	0.003901	0.971275	
megahit_251514_3-782	OTHER	0.011723	0.008468	0.002027	0.977782	
megahit_251515_3-767	OTHER	0.011723	0.008468	0.002027	0.977782	
megahit_251537_3-266	OTHER	0.001801	0.003556	0.000208	0.994435	
megahit_251545_28-255	OTHER	0.001280	0.000951	0.000255	0.997515	
megahit_251578_42-221	OTHER	0.050457	0.058999	0.006298	0.884245	
megahit_251590_1-312	OTHER	0.003485	0.003659	0.000444	0.992412	
megahit_251649_2013-2582	OTHER	0.016588	0.000620	0.002343	0.980449	
megahit_251653_2-451	OTHER	0.002419	0.000884	0.000178	0.996519	
megahit_251655_678-1193	SP(Sec/SPI)	0.885220	0.001214	0.084275	0.029291	CS pos: 24-25. VFS-AT. Pr: 0.7556
megahit_251658_612-1583	OTHER	0.002646	0.001673	0.000425	0.995256	
megahit_251659_488-1459	OTHER	0.002646	0.001673	0.000425	0.995256	
megahit_251737_3-818	LIPO(Sec/SPII)	0.008505	0.000108	0.991073	0.000314	CS pos: 20-21. FAS-CN. Pr: 0.9920
megahit_251759_736-1620	OTHER	0.007546	0.000451	0.001067	0.990935	
megahit_251759_1610-2425	OTHER	0.001512	0.002349	0.000187	0.995952	
megahit_251759_2426-3511	OTHER	0.004722	0.000355	0.001499	0.993423	
megahit_251799_499-1023	OTHER	0.027059	0.002838	0.003151	0.966951	
megahit_251860_590-1423	OTHER	0.002631	0.000378	0.000349	0.996643	
megahit_251860_2533-3348	OTHER	0.014020	0.001182	0.003578	0.981220	
megahit_251861_590-1357	OTHER	0.005117	0.000414	0.000427	0.994042	
megahit_251861_1502-2506	LIPO(Sec/SPII)	0.148726	0.000275	0.846790	0.004209	CS pos: 19-20. SSN-CQ. Pr: 0.8019
megahit_251861_2534-3349	OTHER	0.014020	0.001182	0.003578	0.981220	
megahit_251862_56-481	SP(Sec/SPI)	0.913974	0.000180	0.071086	0.014759	CS pos: 21-22. TYS-QN. Pr: 0.8604
megahit_251910_1251-1733	OTHER	0.006143	0.002184	0.001607	0.990066	
megahit_251912_939-1421	OTHER	0.006143	0.002184	0.001607	0.990066	
megahit_251915_3-191	OTHER	0.008982	0.005279	0.004636	0.981102	
megahit_251929_1207-2223	OTHER	0.002322	0.000514	0.000213	0.996951	
megahit_251930_3-1019	OTHER	0.002322	0.000514	0.000213	0.996951	
megahit_251931_3-698	OTHER	0.002322	0.000514	0.000213	0.996951	
megahit_251932_3-698	OTHER	0.002322	0.000514	0.000213	0.996951	
megahit_251933_115-1155	OTHER	0.006360	0.001805	0.000944	0.990892	
megahit_251934_3-1019	OTHER	0.002322	0.000514	0.000213	0.996951	
megahit_251936_115-1155	OTHER	0.006360	0.001805	0.000944	0.990892	
megahit_251953_779-1366	OTHER	0.017015	0.004826	0.001069	0.977091	
megahit_251954_711-1298	OTHER	0.017015	0.004826	0.001069	0.977091	
megahit_251970_2-1423	OTHER	0.006945	0.009901	0.000678	0.982476	
megahit_251970_1629-2021	OTHER	0.020962	0.002521	0.001887	0.974630	
megahit_251971_2-1423	OTHER	0.006945	0.009901	0.000678	0.982476	
megahit_251971_1629-2021	OTHER	0.020962	0.002521	0.001887	0.974630	
megahit_251980_105-296	OTHER	0.012232	0.011867	0.002586	0.973315	
megahit_251985_521-1654	OTHER	0.023004	0.000783	0.002389	0.973824	
megahit_251987_1-864	OTHER	0.023004	0.000783	0.002389	0.973824	
megahit_251988_832-1767	OTHER	0.093443	0.003369	0.006334	0.896855	
megahit_251988_1767-2900	OTHER	0.023004	0.000783	0.002389	0.973824	
megahit_251989_1767-3032	OTHER	0.156439	0.006489	0.012582	0.824490	
megahit_252094_107-1705	SP(Sec/SPI)	0.914399	0.006920	0.023964	0.054718	CS pos: 34-35. SQA-QP. Pr: 0.8741
megahit_252095_107-817	SP(Sec/SPI)	0.914399	0.006920	0.023964	0.054718	CS pos: 34-35. SQA-QP. Pr: 0.8741
megahit_252135_1-483	OTHER	0.001366	0.000219	0.001219	0.997196	
megahit_252149_2-679	OTHER	0.010376	0.000754	0.002551	0.986319	
megahit_252160_236-760	SP(Sec/SPI)	0.952519	0.010090	0.027558	0.009834	CS pos: 23-24. GIA-GE. Pr: 0.5349
megahit_252172_378-893	OTHER	0.210997	0.003509	0.036556	0.748938	
megahit_252214_2-382	OTHER	0.010856	0.000356	0.001919	0.986870	
megahit_252214_388-1386	OTHER	0.031120	0.047802	0.004382	0.916696	
megahit_252215_54-908	OTHER	0.031120	0.047802	0.004382	0.916696	
megahit_252217_2-382	OTHER	0.010856	0.000356	0.001919	0.986870	
megahit_252217_388-1239	OTHER	0.031120	0.047802	0.004382	0.916696	
megahit_252218_3-248	OTHER	0.003888	0.000929	0.001128	0.994056	
megahit_252218_282-1313	OTHER	0.006199	0.005471	0.002223	0.986107	
megahit_252290_3-956	OTHER	0.057877	0.004652	0.012961	0.924511	
megahit_252361_2-565	OTHER	0.015044	0.004322	0.409925	0.570709	
megahit_252361_1103-2377	SP(Sec/SPI)	0.973468	0.012840	0.005117	0.008575	CS pos: 25-26. ASA-DW. Pr: 0.6702
megahit_252361_2423-2881	OTHER	0.025946	0.026634	0.005162	0.942258	
megahit_252361_2974-4209	OTHER	0.024555	0.026220	0.001340	0.947885	
megahit_252361_4219-4383	OTHER	0.078490	0.026954	0.016795	0.877761	
megahit_252363_2-565	OTHER	0.015044	0.004322	0.409925	0.570709	
megahit_252363_1103-2377	SP(Sec/SPI)	0.973468	0.012840	0.005117	0.008575	CS pos: 25-26. ASA-DW. Pr: 0.6702
megahit_252363_2423-2881	OTHER	0.025946	0.026634	0.005162	0.942258	
megahit_252363_2974-4209	OTHER	0.024555	0.026220	0.001340	0.947885	
megahit_252364_772-1713	OTHER	0.002850	0.003537	0.000605	0.993008	
megahit_252364_1714-2055	OTHER	0.002865	0.000933	0.000338	0.995864	
megahit_252364_3290-4039	OTHER	0.002850	0.003537	0.000605	0.993008	
megahit_252364_4089-4808	SP(Sec/SPI)	0.940749	0.000274	0.043772	0.015206	CS pos: 17-18. VFS-QL. Pr: 0.8955
megahit_252365_2159-2875	OTHER	0.001908	0.000347	0.000448	0.997297	
megahit_252367_3291-3824	OTHER	0.002850	0.003537	0.000605	0.993008	
megahit_252368_772-1521	OTHER	0.002850	0.003537	0.000605	0.993008	
megahit_252368_1967-2683	OTHER	0.001908	0.000347	0.000448	0.997297	
megahit_252372_1-4056	OTHER	0.142108	0.008561	0.130468	0.718863	
megahit_252372_5543-6724	OTHER	0.118208	0.009920	0.002369	0.869503	
megahit_252372_6672-8264	OTHER	0.005718	0.011047	0.000414	0.982821	
megahit_252372_9147-10136	OTHER	0.005000	0.000304	0.001958	0.992738	
megahit_252372_10241-10519	OTHER	0.004867	0.001896	0.000632	0.992604	
megahit_252373_701-4057	OTHER	0.142108	0.008561	0.130468	0.718863	
megahit_252373_5544-6725	OTHER	0.118208	0.009920	0.002369	0.869503	
megahit_252373_6673-8265	OTHER	0.005718	0.011047	0.000414	0.982821	
megahit_252373_8277-8837	OTHER	0.018575	0.003290	0.001124	0.977011	
megahit_252373_9148-10137	OTHER	0.005000	0.000304	0.001958	0.992738	
megahit_252373_10242-10559	OTHER	0.004756	0.001740	0.000731	0.992773	
megahit_252373_10666-10980	OTHER	0.003767	0.000685	0.000393	0.995154	
megahit_252373_11010-12179	OTHER	0.068420	0.116014	0.011673	0.803893	
megahit_252373_12222-12614	OTHER	0.009769	0.001321	0.009819	0.979092	
megahit_252374_1-684	LIPO(Sec/SPII)	0.014535	0.000142	0.984999	0.000323	CS pos: 20-21. LTG-CH. Pr: 0.9862
megahit_252374_701-4057	OTHER	0.142108	0.008561	0.130468	0.718863	
megahit_252374_5544-6725	OTHER	0.118208	0.009920	0.002369	0.869503	
megahit_252374_6673-8265	OTHER	0.005718	0.011047	0.000414	0.982821	
megahit_252374_8277-8837	OTHER	0.018575	0.003290	0.001124	0.977011	
megahit_252374_9148-10137	OTHER	0.005000	0.000304	0.001958	0.992738	
megahit_252374_10242-10439	OTHER	0.003823	0.002050	0.000407	0.993720	
megahit_252375_19-1053	OTHER	0.118208	0.009920	0.002369	0.869503	
megahit_252375_1001-2593	OTHER	0.005718	0.011047	0.000414	0.982821	
megahit_252375_3476-4465	OTHER	0.005000	0.000304	0.001958	0.992738	
megahit_252375_4570-4848	OTHER	0.004867	0.001896	0.000632	0.992604	
megahit_252379_1666-2388	SP(Sec/SPI)	0.997991	0.000402	0.001295	0.000313	CS pos: 25-26. AQA-AD. Pr: 0.9885
megahit_252442_3-1007	OTHER	0.301163	0.007663	0.025149	0.666025	
megahit_252444_668-1747	OTHER	0.055986	0.001953	0.003484	0.938576	
megahit_252478_3-632	OTHER	0.027406	0.001332	0.001177	0.970085	
megahit_252480_3-632	OTHER	0.027406	0.001332	0.001177	0.970085	
megahit_252481_3-548	OTHER	0.027406	0.001332	0.001177	0.970085	
megahit_252483_1-1416	OTHER	0.000632	0.000253	0.001955	0.997159	
megahit_252491_1-456	OTHER	0.066112	0.046680	0.004731	0.882477	
megahit_252508_2-1141	SP(Sec/SPI)	0.941240	0.007037	0.048004	0.003718	CS pos: 27-28. TMA-QE. Pr: 0.9157
megahit_252520_2-730	OTHER	0.006682	0.016930	0.000970	0.975419	
megahit_252612_123-779	OTHER	0.015966	0.046719	0.003625	0.933690	
megahit_252657_3-719	OTHER	0.010800	0.001665	0.001915	0.985620	
megahit_252665_2-787	OTHER	0.003384	0.003754	0.000625	0.992236	
megahit_252764_3-845	OTHER	0.009227	0.001062	0.001567	0.988143	
megahit_252765_3-845	OTHER	0.009227	0.001062	0.001567	0.988143	
megahit_252881_1-1365	SP(Sec/SPI)	0.500403	0.005671	0.038364	0.455562	CS pos: 33-34. SFA-VV. Pr: 0.2993
megahit_252887_3-365	OTHER	0.006450	0.000801	0.000824	0.991925	
megahit_253085_1-417	OTHER	0.006475	0.009029	0.001174	0.983322	
megahit_253099_55-324	SP(Sec/SPI)	0.976300	0.000947	0.018719	0.004034	CS pos: 24-25. AIA-QQ. Pr: 0.9402
megahit_253099_326-1000	OTHER	0.002581	0.001519	0.000533	0.995368	
megahit_253109_1-792	OTHER	0.002624	0.006230	0.000451	0.990695	
megahit_253151_2-640	OTHER	0.004548	0.005559	0.000635	0.989258	
megahit_253154_32-1174	OTHER	0.013650	0.012181	0.002888	0.971280	
megahit_253154_2323-4158	OTHER	0.004548	0.005559	0.000635	0.989258	
megahit_253158_164-514	OTHER	0.002125	0.000830	0.000287	0.996759	
megahit_253195_88-645	OTHER	0.040516	0.001081	0.000578	0.957825	
megahit_253218_1-921	OTHER	0.002248	0.000822	0.000361	0.996569	
megahit_253246_123-866	OTHER	0.011600	0.017343	0.002178	0.968879	
megahit_253250_156-1337	OTHER	0.014787	0.008859	0.001146	0.975208	
megahit_253250_1412-2464	OTHER	0.003996	0.001584	0.000354	0.994065	
megahit_253295_130-930	OTHER	0.003840	0.001328	0.000431	0.994400	
megahit_253300_79-915	OTHER	0.012655	0.003564	0.000759	0.983022	
megahit_253302_79-975	OTHER	0.004389	0.002477	0.000726	0.992408	
megahit_253338_1-630	OTHER	0.143505	0.009825	0.070549	0.776121	
megahit_253365_271-927	OTHER	0.011452	0.005324	0.000526	0.982698	
megahit_253365_1017-1373	LIPO(Sec/SPII)	0.001937	0.000109	0.997448	0.000506	CS pos: 18-19. STA-CS. Pr: 0.9985
megahit_253580_72-470	OTHER	0.003741	0.017986	0.000607	0.977667	
megahit_253581_72-470	OTHER	0.003741	0.017986	0.000607	0.977667	
megahit_253596_2-415	OTHER	0.013621	0.000556	0.001265	0.984558	
megahit_253617_2-877	LIPO(Sec/SPII)	0.032175	0.001413	0.778134	0.188278	CS pos: 10-11. LAG-CE. Pr: 0.7827
megahit_253618_2-877	LIPO(Sec/SPII)	0.032175	0.001413	0.778134	0.188278	CS pos: 10-11. LAG-CE. Pr: 0.7827
megahit_253639_172-1506	SP(Sec/SPI)	0.758867	0.001073	0.143282	0.096778	CS pos: 22-23. AEA-GN. Pr: 0.3823
megahit_253639_1503-2468	OTHER	0.127959	0.006731	0.282762	0.582548	
megahit_253639_2452-3027	OTHER	0.008972	0.000944	0.001275	0.988808	
megahit_253642_1-654	SP(Sec/SPI)	0.542231	0.285139	0.002440	0.170190	CS pos: 50-51. AFA-VE. Pr: 0.8022
megahit_253642_719-1561	OTHER	0.361969	0.055309	0.031693	0.551030	
megahit_253679_1-402	OTHER	0.003105	0.000260	0.000656	0.995979	
megahit_253727_2-124	SP(Sec/SPI)	0.567004	0.007689	0.033775	0.391532	CS pos: 15-16. SFA-DK. Pr: 0.5351
megahit_253756_1-834	OTHER	0.006456	0.014137	0.002547	0.976859	
megahit_253760_1-501	TAT(Tat/SPI)	0.061516	0.581581	0.001414	0.355489	CS pos: 46-47. AYA-YA. Pr: 0.5457
megahit_253776_622-1329	OTHER	0.005422	0.001546	0.000334	0.992698	
megahit_253777_3-914	OTHER	0.292357	0.009971	0.012750	0.684922	
megahit_253816_3-758	OTHER	0.084808	0.049524	0.006774	0.858894	
megahit_253836_103-762	SP(Sec/SPI)	0.997073	0.001081	0.001146	0.000700	CS pos: 24-25. ALA-DN. Pr: 0.9926
megahit_253857_91-921	SP(Sec/SPI)	0.996488	0.000455	0.002707	0.000350	CS pos: 22-23. ALA-QE. Pr: 0.9427
megahit_253858_453-1271	SP(Sec/SPI)	0.996488	0.000455	0.002707	0.000350	CS pos: 22-23. ALA-QE. Pr: 0.9427
megahit_253924_3-521	OTHER	0.011202	0.002874	0.000964	0.984960	
megahit_253925_3-572	OTHER	0.011202	0.002874	0.000964	0.984960	
megahit_253975_1-744	OTHER	0.002554	0.046672	0.000219	0.950555	
megahit_254014_2-982	OTHER	0.008163	0.015968	0.000931	0.974939	
megahit_254146_3-1103	OTHER	0.027390	0.016602	0.004924	0.951085	
megahit_254154_2-823	OTHER	0.059767	0.028750	0.011025	0.900458	
megahit_254154_909-1586	OTHER	0.101623	0.078422	0.009954	0.810001	
megahit_254154_1707-2831	OTHER	0.005245	0.001087	0.000551	0.993116	
megahit_254155_15-638	OTHER	0.101623	0.078422	0.009954	0.810001	
megahit_254155_759-1883	OTHER	0.005245	0.001087	0.000551	0.993116	
megahit_254165_1-1266	SP(Sec/SPI)	0.795979	0.044502	0.125895	0.033624	CS pos: 30-31. SHG-QT. Pr: 0.5980
megahit_254184_2-799	SP(Sec/SPI)	0.991512	0.004380	0.003784	0.000324	CS pos: 26-27. AHA-TY. Pr: 0.9808
megahit_254186_109-699	OTHER	0.009250	0.001046	0.001363	0.988341	
megahit_254956_1-492	SP(Sec/SPI)	0.912797	0.018282	0.062188	0.006733	CS pos: 32-33. SNA-GY. Pr: 0.7088
megahit_255023_1-732	OTHER	0.010811	0.014291	0.002771	0.972127	
megahit_255027_1-507	OTHER	0.002240	0.000565	0.000205	0.996991	
megahit_255397_1-1923	OTHER	0.020606	0.002494	0.005469	0.971432	
megahit_255502_2-487	OTHER	0.014388	0.042815	0.002385	0.940413	
megahit_256094_1-627	OTHER	0.009985	0.023777	0.002299	0.963940	
megahit_256514_1-678	OTHER	0.001870	0.000202	0.000519	0.997409	
megahit_257265_1-186	OTHER	0.005113	0.013667	0.002891	0.978328	
megahit_257519_3-1031	OTHER	0.002441	0.001489	0.000505	0.995565	
megahit_257985_3-473	OTHER	0.007868	0.002310	0.001294	0.988528	
megahit_258303_3-437	OTHER	0.029848	0.008345	0.320646	0.641161	
megahit_258350_44-496	OTHER	0.002582	0.000194	0.000881	0.996343	
megahit_258390_1292-1900	SP(Sec/SPI)	0.752798	0.001633	0.226970	0.018599	CS pos: 22-23. LSA-GR. Pr: 0.4079
megahit_258617_2-946	OTHER	0.001043	0.000236	0.000809	0.997911	
megahit_258793_1-294	OTHER	0.004830	0.001204	0.000950	0.993016	
